PERSON ID;VIDEO ID;OTHER PERSON ID;AVG;MAX;MIN
0005;P2L_S2_C1.1;0024;1.0030;1.1034;0.9210
0005;P2L_S4_C1.2;0015;1.0917;1.2085;0.9864
0005;P2L_S3_C1.2;0022;0.9342;1.0069;0.8846
0005;P2L_S4_C1.1;0030;0.9944;1.0935;0.9315
0005;P1L_S3_C2;0021;0.9510;1.0323;0.8839
0005;P1L_S3_C1;0021;0.9784;1.1024;0.8935
0005;P1E_S4_C1;0011;1.0339;1.0961;0.9594
0005;P2E_S2_C2.2;0015;1.0864;1.1656;1.0098
0005;P1E_S2_C1;0003;0.9970;1.0552;0.9421
0005;P2L_S3_C1.1;0014;0.9894;1.0638;0.9026
0005;P1L_S4_C1;0003;0.9955;1.0578;0.9459
0005;P1E_S4_C3;0023;1.0247;1.0595;0.9636
0005;P2E_S2_C1.1;0027;0.9512;1.0033;0.9091
0005;P2L_S4_C2.2;0003;0.9964;1.0551;0.9150
0005;P1E_S1_C2;0011;1.0030;1.0485;0.9472
0005;P2E_S3_C1.2;0021;0.9298;0.9947;0.8478
0005;P1E_S2_C2;0027;1.0376;1.0414;1.0323
0005;P1L_S4_C2;0020;0.9922;1.0950;0.9271
0005;P1L_S2_C2;0027;1.0086;1.0478;0.9412
0005;P2E_S3_C2.2;0022;0.9295;0.9771;0.8553
0005;P2E_S3_C1.1;0012;0.9887;1.0767;0.9340
0005;P2L_S1_C2.1;0014;0.9929;1.0703;0.9007
0005;P2E_S1_C3.1;0016;1.0268;1.0802;0.9665
0005;P2E_S3_C3.2;0015;1.0607;1.1181;1.0016
0005;P2L_S4_C3.2;0015;1.0987;1.1870;0.9946
0005;P2E_S2_C1.2;0022;0.9340;1.0226;0.8917
0005;P1L_S1_C2;0007;0.9511;1.0032;0.9008
0005;P2E_S4_C3.2;0021;0.9385;0.9903;0.8392
0005;P2E_S4_C2.2;0022;0.9120;0.9776;0.8441
0005;P2L_S1_C1.1;0024;0.9973;1.0722;0.9222
0005;P1E_S1_C1;0017;0.9918;1.0874;0.9017
0005;P1L_S3_C3;0017;0.9905;1.0374;0.9582
0005;P2L_S3_C2.2;0003;0.9811;1.0636;0.9119
0005;P1L_S2_C1;0025;1.0618;1.1360;0.9873
0005;P2L_S1_C2.2;0003;0.9954;1.0453;0.9391
0005;P2L_S3_C2.1;0006;0.8333;0.9184;0.7640
0005;P2E_S2_C3.2;0015;1.0690;1.1489;0.9922
0005;P1E_S4_C2;0027;1.0421;1.0757;0.9911
0005;P2L_S2_C1.2;0015;1.1096;1.1853;1.0149
0005;P2L_S4_C2.1;0012;0.9910;1.0419;0.9200
0005;P2L_S2_C2.1;0026;0.9534;1.0165;0.8809
0005;P1E_S3_C1;0020;0.9680;1.0646;0.8472
0005;P2L_S1_C3.1;0026;0.9821;1.0162;0.9361
0005;P1L_S1_C3;0020;1.0194;1.0661;0.9693
0005;P1L_S1_C1;0004;0.9834;1.1016;0.8816
0005;P2E_S2_C3.1;0023;0.9997;1.0656;0.9275
0005;P2L_S2_C3.2;0015;1.0749;1.1593;0.9769
0005;P2E_S4_C2.1;0020;0.9545;1.0338;0.8835
0013;P2E_S3_C2.1;0027;1.0091;1.0664;0.9433
0013;P1E_S1_C3;0019;1.0110;1.0355;0.9857
0013;P2L_S4_C3.2;0003;0.9587;1.0396;0.8736
0013;P2E_S3_C1.2;0002;0.8746;0.9606;0.7530
0013;P2L_S4_C3.1;0004;0.9691;1.0465;0.8905
0013;P2L_S3_C1.2;0021;1.0059;1.0806;0.9647
0013;P2E_S4_C2.1;0011;0.9758;1.0407;0.9079
0013;P1L_S3_C2;0023;0.9224;0.9741;0.8473
0013;P2E_S4_C1.2;0015;0.9660;1.0711;0.8954
0013;P2L_S3_C2.2;0003;0.9387;1.0255;0.8688
0013;P2E_S4_C2.2;0022;0.9742;1.0625;0.8911
0013;P2L_S2_C3.2;0021;1.0021;1.0635;0.9502
0013;P1L_S4_C2;0016;0.9299;0.9818;0.8664
0013;P1E_S2_C2;0026;0.9626;1.0075;0.8983
0013;P2L_S1_C3.1;0002;0.9036;0.9819;0.8310
0013;P2L_S2_C3.1;0019;1.0677;1.1035;1.0101
0013;P1L_S1_C2;0015;0.9801;1.0341;0.8902
0013;P2L_S4_C2.2;0003;0.9678;1.0322;0.9046
0013;P1L_S3_C1;0005;1.0012;1.0599;0.9360
0013;P1L_S1_C1;0010;1.0415;1.1015;0.9905
0013;P1E_S3_C2;0004;0.9329;0.9671;0.8881
0013;P1E_S4_C2;0023;0.9568;1.0147;0.9044
0013;P1E_S4_C3;0025;1.0347;1.1008;0.9841
0013;P2L_S3_C1.1;0024;0.9272;1.0186;0.8638
0013;P2L_S2_C1.1;0012;0.9907;1.0530;0.8966
0013;P2E_S1_C3.1;0016;0.9181;0.9779;0.8477
0013;P2E_S1_C1.2;0022;1.0002;1.0487;0.9420
0013;P1L_S3_C3;0018;0.9967;1.0590;0.9427
0013;P2L_S1_C1.1;0012;0.9949;1.0578;0.9351
0013;P2L_S4_C1.2;0003;0.9463;1.0244;0.8750
0013;P1L_S1_C3;0024;0.9604;0.9949;0.9149
0013;P1L_S2_C3;0027;0.9693;1.0632;0.9166
0013;P1E_S3_C1;0005;0.9717;1.0358;0.9173
0013;P2L_S3_C2.1;0018;0.9836;1.0760;0.9225
0013;P2E_S4_C3.2;0015;0.9814;1.0556;0.9013
0013;P2E_S1_C1.1;0030;1.0110;1.0252;0.9975
0013;P2E_S1_C3.2;0003;0.9765;1.0284;0.9243
0013;P2E_S1_C2.1;0023;0.9486;1.0926;0.8422
0013;P2L_S1_C2.2;0003;0.9766;1.0554;0.9096
0013;P2L_S4_C1.1;0011;0.9788;1.0701;0.8984
0013;P2E_S2_C3.1;0011;0.9519;1.0395;0.8845
0013;P2L_S2_C2.1;0012;0.9855;1.0459;0.8964
0013;P2L_S4_C2.1;0012;0.9805;1.0483;0.9018
0013;P1E_S1_C2;0024;0.9413;1.0157;0.9006
0013;P2E_S2_C3.2;0022;0.9709;1.0593;0.8862
0013;P2E_S3_C1.1;0019;1.0368;1.1422;0.9701
0013;P2E_S4_C3.1;0011;0.9807;1.0476;0.9138
0015;P2E_S3_C3.2;0002;1.0075;1.0431;0.9638
0015;P1L_S4_C1;0020;1.0002;1.0878;0.9003
0015;P2E_S1_C1.2;0003;0.9577;1.0127;0.8971
0015;P2L_S1_C3.1;0017;0.9828;1.0642;0.9358
0015;P1E_S4_C1;0013;0.9593;1.0364;0.8458
0015;P2E_S3_C1.1;0030;1.0198;1.0789;0.9623
0015;P1E_S1_C2;0026;0.9948;1.0370;0.9518
0015;P2L_S2_C2.2;0022;1.0564;1.1234;0.9291
0015;P2E_S4_C2.2;0002;1.0260;1.0908;0.9294
0015;P2L_S2_C1.1;0029;1.0148;1.1069;0.9358
0015;P1E_S4_C2;0003;0.9239;0.9555;0.8803
0015;P2L_S3_C1.2;0003;0.9457;0.9941;0.8786
0015;P2E_S4_C1.2;0022;1.0547;1.1046;1.0030
0015;P1L_S3_C2;0009;0.9759;1.0314;0.9046
0015;P2L_S1_C1.1;0004;0.9819;0.9853;0.9771
0015;P2L_S3_C3.2;0003;0.9249;0.9986;0.8336
0015;P2E_S4_C3.1;0030;1.0064;1.0537;0.9542
0015;P2L_S2_C2.1;0012;0.9781;1.0474;0.9351
0015;P2L_S4_C1.2;0021;1.0562;1.1495;0.9955
0015;P2E_S4_C3.2;0003;0.9818;1.0241;0.9186
0015;P1E_S2_C2;0011;0.9761;1.0609;0.9316
0015;P2E_S2_C1.1;0024;1.0222;1.0806;0.9454
0015;P2L_S2_C3.1;0030;1.0004;1.0756;0.9454
0015;P1L_S4_C2;0009;0.9648;1.0269;0.9084
0015;P2E_S1_C3.2;0022;1.0496;1.0852;0.9966
0015;P1E_S3_C2;0023;1.0920;1.1330;0.9836
0015;P2L_S4_C2.2;0022;1.0505;1.1043;0.9663
0015;P2E_S2_C2.2;0002;1.0338;1.1014;0.9742
0015;P2L_S4_C1.1;0019;0.9660;1.1239;0.8682
0015;P1E_S3_C3;0001;0.9414;1.0007;0.8956
0015;P2E_S4_C2.1;0006;0.8978;0.9747;0.8360
0015;P1L_S3_C1;0004;0.9800;1.0300;0.8853
0015;P2E_S4_C1.1;0013;0.9234;0.9722;0.8500
0015;P1L_S1_C1;0007;0.9658;1.0321;0.9047
0015;P2L_S4_C3.2;0003;0.9361;1.0225;0.8507
0015;P2L_S3_C2.1;0013;0.9343;1.0112;0.8592
0015;P2E_S1_C3.1;0007;0.9448;1.0191;0.8684
0015;P2E_S3_C2.1;0027;0.8939;0.9370;0.8373
0015;P1E_S1_C1;0023;1.0779;1.1329;1.0064
0015;P2E_S1_C2.1;0026;0.9231;0.9880;0.8278
0015;P2L_S1_C3.2;0003;0.9443;1.0018;0.8769
0015;P1E_S2_C1;0013;0.9721;1.0286;0.8804
0015;P2L_S3_C3.1;0026;0.9446;0.9965;0.8941
0015;P1E_S3_C1;0019;0.9217;1.0220;0.8308
0015;P1E_S1_C3;0011;1.0289;1.0591;1.0029
0015;P2E_S2_C3.1;0012;0.9525;1.0195;0.8857
0015;P2E_S2_C2.1;0017;0.9923;1.0361;0.9200
0015;P2L_S1_C2.1;0014;0.9486;1.0501;0.8446
0016;P2E_S1_C1.2;0015;0.9523;1.0181;0.8945
0016;P2L_S3_C1.2;0015;0.9979;1.0890;0.9028
0016;P1L_S4_C2;0020;1.0196;1.1048;0.9540
0016;P2L_S2_C1.2;0022;1.0514;1.1281;0.9393
0016;P2L_S2_C2.2;0022;1.0529;1.1110;0.9601
0016;P2L_S2_C3.2;0003;1.0334;1.0923;0.9447
0016;P1L_S3_C3;0026;0.9957;1.0473;0.9418
0016;P2L_S3_C2.1;0017;0.9588;1.0177;0.9073
0016;P1L_S3_C2;0026;0.9803;1.0516;0.9297
0016;P1E_S1_C2;0022;0.9810;1.0204;0.9454
0016;P2L_S1_C2.2;0015;0.9771;1.0416;0.9051
0016;P2L_S1_C3.2;0003;0.9756;1.0503;0.8853
0016;P2L_S3_C3.1;0026;0.9586;1.0222;0.8695
0016;P2L_S3_C2.2;0022;1.0313;1.0965;0.9471
0016;P2E_S1_C2.1;0027;1.0033;1.0755;0.9498
0016;P2E_S4_C1.1;0004;1.0445;1.1266;0.9400
0016;P2E_S4_C1.2;0003;1.0384;1.1354;0.9385
0016;P2L_S4_C3.2;0003;0.9914;1.0615;0.8970
0016;P1L_S2_C2;0011;1.0224;1.0855;0.9496
0016;P2L_S2_C1.1;0013;0.9988;1.0841;0.9223
0016;P1L_S2_C3;0025;0.9403;1.0194;0.8472
0016;P1E_S4_C1;0024;0.9814;1.0235;0.9438
0016;P2L_S1_C2.1;0020;1.0155;1.0623;0.9843
0016;P1E_S2_C1;0007;0.9761;1.0426;0.8840
0016;P2L_S2_C3.1;0023;0.9348;1.0260;0.8820
0016;P2E_S1_C3.1;0013;0.9762;1.0405;0.9102
0016;P2E_S1_C3.2;0015;0.9653;1.0409;0.9070
0016;P1E_S1_C3;0013;1.0013;1.0242;0.9760
0016;P1E_S2_C3;0007;0.9607;1.0122;0.9143
0016;P2L_S3_C1.1;0012;1.0449;1.0956;0.9728
0016;P2E_S3_C1.1;0019;1.0140;1.0568;0.9515
0016;P1E_S4_C3;0022;0.9893;1.0140;0.9488
0016;P2E_S4_C3.1;0018;0.9901;1.0431;0.9329
0016;P1L_S4_C1;0018;0.9841;1.0449;0.8618
0016;P1L_S1_C1;0025;0.9815;1.0283;0.9289
0016;P2E_S1_C1.1;0025;0.9730;1.0089;0.9418
0016;P2L_S4_C2.1;0024;0.9996;1.0645;0.9398
0016;P2L_S1_C1.2;0021;0.9231;1.0260;0.8578
0016;P2E_S1_C2.2;0021;0.9296;1.0115;0.8726
0016;P2E_S3_C1.2;0002;0.9604;1.0255;0.8904
0016;P1L_S1_C3;0017;0.9823;1.0174;0.9570
0016;P2L_S3_C3.2;0022;1.0363;1.0990;0.9433
0016;P2L_S1_C1.1;0012;1.0464;1.1047;1.0026
0016;P2E_S2_C2.2;0015;0.9680;1.0184;0.9188
0016;P2L_S4_C2.2;0015;0.9592;1.0366;0.8901
0017;P2E_S1_C3.2;0022;0.9490;1.0074;0.8873
0017;P2L_S2_C3.1;0030;0.9922;1.0802;0.9320
0017;P2L_S4_C3.1;0023;0.9270;0.9723;0.8691
0017;P1E_S1_C3;0023;0.9529;0.9834;0.9073
0017;P1E_S3_C1;0024;0.9172;0.9857;0.8382
0017;P2L_S2_C3.2;0015;1.0109;1.0845;0.9267
0017;P2L_S1_C2.2;0003;1.0207;1.1166;0.9364
0017;P1L_S1_C3;0027;0.9157;0.9795;0.8519
0017;P2E_S4_C1.2;0003;1.0041;1.0696;0.9441
0017;P2L_S3_C1.1;0007;1.0201;1.0967;0.9214
0017;P2E_S3_C1.1;0016;0.9908;1.0756;0.9036
0017;P2L_S2_C2.2;0003;1.0114;1.1030;0.9405
0017;P2E_S2_C2.1;0029;0.9626;1.0149;0.8992
0017;P1E_S3_C2;0020;0.9609;1.0227;0.9067
0017;P2E_S2_C1.2;0015;1.0713;1.1493;1.0195
0017;P1L_S1_C1;0015;1.0097;1.0578;0.9532
0017;P2E_S1_C2.1;0001;0.9509;1.0149;0.8950
0017;P1E_S2_C3;0014;1.0243;1.0617;0.9831
0017;P1E_S2_C2;0027;0.8786;0.9034;0.8631
0017;P2E_S2_C1.1;0013;0.9673;1.0167;0.8730
0017;P2L_S4_C2.2;0021;1.0067;1.1100;0.9080
0017;P2E_S3_C3.1;0005;0.9945;1.0535;0.9284
0017;P1L_S3_C2;0027;0.8917;0.9753;0.8062
0017;P2E_S4_C3.1;0016;1.0076;1.0760;0.9509
0017;P1L_S2_C1;0011;1.0185;1.0926;0.9558
0017;P2L_S1_C1.1;0020;0.9463;1.0468;0.8687
0017;P2L_S1_C1.2;0022;0.9525;1.0690;0.8982
0017;P2E_S1_C2.2;0003;1.0164;1.0787;0.9510
0017;P2E_S4_C1.1;0024;0.9205;0.9969;0.8626
0017;P2E_S1_C1.1;0024;0.9099;0.9258;0.8877
0017;P1L_S1_C2;0011;1.0002;1.0754;0.9373
0017;P2L_S4_C1.1;0009;0.9737;1.0419;0.9296
0017;P2L_S3_C3.2;0021;1.0149;1.0674;0.9543
0017;P2L_S1_C2.1;0026;0.9361;1.0007;0.8616
0017;P2E_S1_C1.2;0022;0.9272;0.9648;0.8792
0017;P2L_S3_C2.2;0021;1.0211;1.1103;0.9594
0017;P1L_S2_C3;0025;1.0127;1.0703;0.9700
0017;P1L_S3_C3;0004;0.9516;0.9798;0.8957
0017;P2E_S2_C3.2;0003;0.9994;1.0669;0.9323
0017;P1L_S4_C1;0018;1.0509;1.1240;0.9838
0017;P1E_S4_C3;0023;0.9155;0.9853;0.8602
0017;P2E_S2_C3.1;0025;0.9837;1.0934;0.9154
0017;P2E_S4_C2.1;0011;1.0122;1.0823;0.9553
0017;P2L_S3_C1.2;0003;1.0229;1.0875;0.9721
0017;P2L_S4_C1.2;0003;1.0061;1.1189;0.9217
0017;P2L_S4_C2.1;0025;0.9848;1.1119;0.9166
0017;P2L_S1_C3.1;0002;0.9907;1.0547;0.9451
0019;P2L_S2_C3.2;0022;0.9760;1.0599;0.9002
0019;P2E_S3_C1.2;0021;0.9556;1.0768;0.8541
0019;P2L_S4_C3.1;0010;0.9551;1.0353;0.8797
0019;P2L_S2_C1.2;0015;0.9497;1.0358;0.8716
0019;P2L_S2_C2.2;0022;0.9748;1.0542;0.9068
0019;P2L_S1_C3.1;0011;0.9206;1.0149;0.8332
0019;P1L_S2_C2;0022;1.0160;1.0625;0.9649
0019;P2E_S3_C2.2;0003;0.9992;1.0741;0.9340
0019;P1L_S1_C3;0025;0.9960;1.0282;0.9340
0019;P1E_S3_C3;0025;1.0528;1.1130;0.9869
0019;P2E_S2_C2.1;0005;1.0060;1.0922;0.9284
0019;P1L_S4_C3;0020;0.9007;0.9582;0.8450
0019;P2E_S3_C3.1;0025;1.0360;1.1128;0.9741
0019;P2E_S4_C3.2;0021;0.9614;1.0214;0.9001
0019;P2L_S4_C2.1;0028;0.9394;1.0308;0.8667
0019;P2E_S2_C2.2;0015;0.9711;1.0582;0.8263
0019;P2E_S4_C3.1;0010;0.8780;0.9569;0.8208
0019;P2L_S3_C3.2;0022;0.9482;1.0266;0.8655
0019;P2L_S1_C2.1;0025;1.0461;1.1034;0.9559
0019;P1E_S4_C1;0021;1.0039;1.0438;0.9666
0019;P2L_S1_C2.2;0015;1.0001;1.0912;0.8967
0019;P1L_S4_C1;0007;0.9769;1.0546;0.9055
0019;P1E_S2_C1;0026;0.9388;1.0182;0.8687
0019;P1L_S2_C3;0026;0.9474;0.9990;0.8983
0019;P2L_S2_C1.1;0005;0.9332;0.9944;0.8733
0019;P2E_S3_C1.1;0025;1.0405;1.1058;0.9737
0019;P2L_S4_C1.1;0012;0.9692;1.0445;0.8637
0019;P1E_S1_C1;0010;0.8759;0.9203;0.8192
0019;P2L_S2_C2.1;0016;1.0212;1.1130;0.9686
0019;P2E_S1_C1.1;0030;1.0611;1.0732;1.0510
0019;P2E_S2_C3.2;0002;0.9810;1.0620;0.8928
0019;P2L_S3_C3.1;0005;0.9142;0.9806;0.8470
0019;P1L_S1_C2;0027;0.9942;1.0725;0.9315
0019;P1L_S2_C1;0004;0.9791;1.0339;0.9234
0019;P1E_S3_C2;0014;1.0049;1.0518;0.9351
0019;P1E_S4_C2;0004;0.9547;1.0059;0.8862
0019;P2E_S2_C1.2;0021;0.9541;1.0330;0.8824
0019;P2L_S3_C1.2;0015;1.0181;1.1246;0.9511
0019;P1E_S2_C3;0023;0.9429;0.9792;0.8989
0019;P2E_S4_C2.2;0021;0.9711;1.0476;0.8934
0019;P2L_S1_C1.2;0021;0.9788;1.0581;0.9262
0019;P2E_S4_C2.1;0027;0.9833;1.0792;0.9071
0019;P2E_S1_C1.2;0002;1.0304;1.0735;0.9928
0019;P1E_S1_C2;0025;1.0349;1.0954;0.9905
0019;P2E_S3_C2.1;0001;0.9474;1.0323;0.8874
0019;P2E_S1_C2.1;0011;0.9320;1.0137;0.8668
0019;P2L_S4_C2.2;0015;0.9877;1.0977;0.8645
0019;P2E_S4_C1.2;0015;1.0335;1.1423;0.8921
0021;P1L_S1_C2;0012;1.0523;1.1363;0.9740
0021;P1L_S2_C1;0014;0.9617;1.0375;0.8745
0021;P1E_S2_C2;0020;0.9082;0.9647;0.8491
0021;P2E_S1_C1.2;0002;0.9926;1.0225;0.9452
0021;P2L_S2_C3.1;0017;0.9581;1.0438;0.8937
0021;P2E_S4_C2.1;0005;0.9705;1.0255;0.8867
0021;P2L_S1_C1.2;0015;1.0803;1.1389;1.0236
0021;P2E_S4_C2.2;0015;1.0803;1.1992;0.9638
0021;P1L_S4_C2;0020;0.9680;1.0695;0.8472
0021;P2L_S3_C1.2;0003;1.0839;1.1389;0.9980
0021;P1E_S4_C2;0024;0.9546;1.0035;0.9137
0021;P2L_S1_C2.1;0014;0.9880;1.0711;0.9225
0021;P2L_S3_C2.1;0027;1.0533;1.1556;0.9275
0021;P2L_S1_C3.1;0017;0.9569;1.0398;0.8692
0021;P2L_S3_C2.2;0022;1.0247;1.1008;0.9458
0021;P1L_S1_C3;0024;0.9681;1.0012;0.9318
0021;P2E_S2_C1.2;0015;1.0321;1.0891;0.9751
0021;P2E_S3_C1.1;0014;0.9975;1.0692;0.9289
0021;P2E_S1_C3.2;0002;0.9762;1.0557;0.9153
0021;P2E_S4_C3.1;0029;0.9877;1.0471;0.9405
0021;P2E_S1_C2.2;0002;0.9827;1.0511;0.8957
0021;P1E_S3_C1;0013;0.9577;1.0428;0.8886
0021;P2L_S1_C2.2;0003;1.0576;1.1389;0.9741
0021;P2L_S2_C3.2;0015;1.0045;1.0595;0.9269
0021;P2L_S2_C1.2;0003;1.0951;1.1430;0.9993
0021;P2L_S4_C2.1;0017;0.9466;1.0557;0.8841
0021;P2E_S4_C3.2;0002;0.9981;1.0669;0.9299
0021;P2E_S3_C3.1;0029;0.9850;1.0498;0.9393
0021;P2E_S2_C3.1;0027;1.0641;1.1426;0.9515
0021;P1L_S3_C2;0020;0.9707;1.0375;0.8849
0021;P1E_S1_C2;0012;1.0296;1.0778;0.9528
0021;P2L_S4_C3.1;0004;1.0011;1.0927;0.9216
0021;P2E_S3_C1.2;0002;0.9701;1.0460;0.9097
0021;P2L_S4_C1.2;0022;0.9943;1.0585;0.9260
0021;P2L_S3_C3.1;0011;0.9740;1.0370;0.8833
0021;P2L_S3_C3.2;0022;1.0274;1.1233;0.9342
0021;P1L_S4_C1;0017;0.9580;1.0465;0.8824
0021;P1L_S3_C3;0009;0.8607;0.9195;0.7849
0021;P1L_S2_C3;0019;1.0045;1.0651;0.9484
0021;P2L_S1_C1.1;0019;1.0220;1.0931;0.9523
0021;P2L_S3_C1.1;0016;0.9527;1.0411;0.8939
0021;P2L_S4_C2.2;0003;1.0615;1.1511;0.9877
0021;P2E_S1_C2.1;0001;0.9775;1.0497;0.8946
0021;P1E_S4_C3;0026;0.9354;0.9836;0.8915
0021;P1E_S3_C2;0010;1.0480;1.0988;1.0179
0021;P2L_S4_C1.1;0006;0.9348;1.0293;0.8331
0021;P1E_S2_C3;0005;0.9245;0.9550;0.8721
0021;P2E_S1_C3.1;0025;0.9800;1.0726;0.8982
0024;P2E_S1_C3.1;0025;0.9972;1.0519;0.9336
0024;P2L_S1_C2.1;0026;1.0035;1.0691;0.9384
0024;P1E_S2_C3;0010;0.8970;0.9435;0.8571
0024;P2L_S4_C1.1;0018;1.0099;1.0808;0.9529
0024;P2L_S2_C1.1;0029;0.9738;1.0680;0.8810
0024;P2L_S4_C3.1;0026;0.9841;1.0329;0.9283
0024;P1E_S2_C1;0011;0.9343;1.0193;0.8323
0024;P1E_S3_C3;0020;1.0361;1.0798;0.9933
0024;P2L_S3_C1.2;0022;1.0177;1.0663;0.9733
0024;P2L_S1_C2.2;0003;0.9643;1.0246;0.9059
0024;P1L_S2_C3;0018;0.9996;1.0445;0.9657
0024;P2E_S1_C1.1;0019;0.9889;1.0138;0.9559
0024;P1E_S3_C1;0009;1.0147;1.0681;0.9740
0024;P2E_S3_C3.2;0022;0.9858;1.0402;0.9453
0024;P2E_S1_C2.2;0002;0.9748;1.0306;0.8931
0024;P1E_S4_C1;0023;1.0052;1.0832;0.9153
0024;P2E_S1_C2.1;0029;0.9867;1.0416;0.9455
0024;P1L_S4_C1;0010;0.9437;0.9925;0.8798
0024;P2L_S1_C3.1;0006;0.9539;1.0281;0.8953
0024;P2E_S4_C2.2;0002;0.9598;1.0319;0.8816
0024;P2E_S2_C1.2;0022;0.9892;1.0472;0.9097
0024;P2L_S3_C3.2;0015;1.0088;1.0709;0.9269
0024;P2E_S4_C3.1;0023;0.9900;1.0295;0.9012
0024;P2E_S3_C1.2;0002;0.9656;1.0460;0.8645
0024;P2E_S4_C2.1;0018;1.0179;1.0875;0.9633
0024;P1L_S1_C1;0004;1.0024;1.0538;0.9487
0024;P2E_S3_C2.1;0009;1.0149;1.0694;0.9780
0024;P2L_S3_C2.2;0015;1.0075;1.0628;0.9403
0024;P1E_S1_C1;0018;1.0129;1.0589;0.9909
0024;P2L_S2_C3.2;0021;0.9224;0.9953;0.8696
0024;P2E_S4_C3.2;0022;0.9753;1.0251;0.9322
0024;P2L_S4_C3.2;0003;0.9748;1.0322;0.9229
0024;P2L_S1_C1.1;0018;1.0088;1.0701;0.9561
0024;P1L_S4_C2;0014;1.0870;1.1560;1.0024
0024;P2E_S3_C3.1;0018;1.0287;1.0724;0.9966
0024;P2E_S1_C1.2;0022;1.0077;1.0505;0.9719
0024;P1E_S4_C2;0007;1.0355;1.0736;0.9894
0024;P1E_S3_C2;0012;1.0439;1.0763;0.9724
0024;P2L_S4_C2.2;0015;0.9955;1.0648;0.8907
0024;P2L_S2_C2.2;0022;1.0153;1.0729;0.9337
0024;P1L_S2_C2;0010;0.9590;1.0130;0.8992
0024;P2L_S2_C1.2;0003;0.9427;1.0225;0.8741
0024;P2E_S2_C1.1;0014;1.0591;1.2006;0.9789
0024;P1L_S2_C1;0004;0.9945;1.0951;0.9446
0024;P1L_S3_C2;0027;0.9764;1.0323;0.9156
0024;P1E_S1_C2;0005;1.0289;1.0761;0.9893
0024;P1E_S2_C2;0001;0.9701;1.0059;0.9273
0024;P2E_S2_C3.2;0021;0.9210;1.0100;0.8499
0025;P1L_S1_C1;0018;0.9934;1.0644;0.9393
0025;P2E_S4_C1.1;0007;0.9549;1.0106;0.8902
0025;P2L_S2_C2.2;0003;0.9434;1.0176;0.8599
0025;P1E_S2_C1;0004;0.9947;1.0662;0.8744
0025;P2E_S1_C1.1;0020;1.0690;1.1309;1.0145
0025;P2L_S4_C3.2;0021;0.9354;1.0167;0.8601
0025;P2L_S2_C1.2;0022;1.0109;1.0790;0.9499
0025;P1E_S3_C3;0022;1.0087;1.0827;0.9785
0025;P2E_S3_C1.2;0022;1.0160;1.0618;0.9717
0025;P1E_S2_C3;0006;1.0327;1.0737;0.9530
0025;P1L_S4_C2;0022;1.0026;1.0540;0.9675
0025;P2E_S2_C2.2;0022;0.9963;1.0757;0.8835
0025;P1L_S3_C1;0010;1.0135;1.1099;0.9543
0025;P1L_S4_C3;0009;1.0149;1.0620;0.9575
0025;P2E_S4_C2.1;0007;0.9658;1.0216;0.8881
0025;P2E_S1_C2.2;0003;0.9345;1.0002;0.8407
0025;P2L_S3_C2.2;0021;0.9289;0.9955;0.8506
0025;P2L_S3_C2.1;0030;0.9252;1.0169;0.8265
0025;P2E_S3_C3.1;0028;0.8971;0.9824;0.8137
0025;P1E_S4_C2;0016;1.0042;1.0290;0.9755
0025;P1E_S2_C2;0010;0.9874;1.0346;0.9163
0025;P1L_S3_C2;0014;1.0410;1.1079;0.9644
0025;P2E_S2_C1.1;0023;1.0022;1.0770;0.9040
0025;P2E_S2_C1.2;0002;1.0008;1.0691;0.9406
0025;P2L_S3_C1.2;0015;1.0138;1.0675;0.9279
0025;P1E_S3_C2;0023;0.9718;1.0205;0.9142
0025;P2E_S3_C3.2;0002;0.9873;1.0300;0.9388
0025;P2E_S1_C2.1;0004;0.9890;1.0761;0.9166
0025;P2L_S3_C1.1;0019;1.0583;1.1254;0.9887
0025;P1E_S1_C2;0021;0.9622;1.0141;0.9152
0025;P2L_S4_C1.1;0019;1.0569;1.1138;1.0116
0025;P2L_S1_C3.1;0009;1.0215;1.0758;0.9272
0025;P1E_S1_C3;0021;0.9633;0.9977;0.9376
0025;P2L_S1_C2.2;0021;0.9245;1.0222;0.8581
0025;P2E_S2_C2.1;0012;1.0317;1.0805;0.9784
0025;P2L_S4_C2.1;0026;1.0134;1.0829;0.9602
0025;P2E_S3_C2.2;0022;1.0121;1.1060;0.9551
0025;P2E_S2_C3.2;0002;0.9870;1.0717;0.9237
0025;P2L_S1_C2.1;0030;0.9373;1.0252;0.8606
0025;P1L_S2_C3;0016;0.9905;1.0324;0.9486
0025;P1E_S1_C1;0023;0.9632;1.0331;0.9103
0025;P1L_S4_C1;0010;1.0240;1.0674;0.9670
0025;P1L_S2_C1;0011;0.9851;1.0616;0.9238
0025;P2E_S4_C1.2;0021;0.9638;1.0593;0.9049
0025;P2E_S3_C1.1;0017;0.9722;1.0879;0.8697
0025;P1L_S2_C2;0003;0.8863;0.9358;0.8358
0025;P1E_S3_C1;0020;1.0759;1.1479;1.0256
0025;P2E_S1_C3.1;0013;1.0226;1.1058;0.9513
0022;P1L_S2_C1;0016;1.0599;1.1216;0.9860
0022;P1L_S3_C1;0003;0.9949;1.0541;0.9453
0022;P2L_S4_C3.2;0021;1.0371;1.1038;0.9632
0022;P2L_S2_C2.1;0028;0.9983;1.0897;0.9405
0022;P2L_S3_C3.2;0015;0.9775;1.0604;0.9072
0022;P2E_S3_C3.1;0028;0.9968;1.0619;0.9383
0022;P2E_S3_C2.2;0021;1.0175;1.0946;0.9434
0022;P2L_S1_C1.2;0015;0.9442;1.0169;0.8836
0022;P1L_S4_C1;0012;0.9007;1.0027;0.8080
0022;P2E_S1_C1.1;0023;0.9494;1.0023;0.9091
0022;P2L_S1_C2.1;0019;0.9920;1.0578;0.9136
0022;P2E_S4_C3.2;0015;0.9742;1.0529;0.8902
0022;P1L_S4_C2;0018;1.0122;1.0794;0.8871
0022;P2E_S3_C2.1;0001;0.9600;1.0097;0.8906
0022;P1E_S4_C1;0014;1.0743;1.1730;1.0159
0022;P1E_S3_C2;0013;1.0199;1.0637;0.9537
0022;P1E_S4_C2;0015;1.0022;1.0629;0.9567
0022;P2E_S4_C2.2;0021;1.0448;1.1264;0.9691
0022;P1E_S2_C2;0004;0.9705;1.0433;0.8848
0022;P2E_S1_C1.2;0003;1.0108;1.0629;0.9586
0022;P1L_S1_C3;0010;1.0344;1.0628;0.9986
0022;P1L_S1_C2;0004;0.9722;1.0490;0.9105
0022;P2L_S3_C2.2;0021;1.0221;1.0804;0.9640
0022;P2L_S4_C1.2;0021;1.0407;1.1039;0.9005
0022;P2E_S4_C3.1;0027;0.9686;1.0089;0.9164
0022;P2E_S2_C3.1;0024;0.9657;1.0306;0.9123
0022;P2L_S4_C1.1;0023;0.9571;0.9960;0.8924
0022;P2L_S1_C2.2;0003;1.0098;1.1308;0.9317
0022;P2E_S1_C2.1;0019;1.0119;1.0721;0.9660
0022;P2L_S2_C1.1;0009;0.9586;1.0505;0.8508
0022;P1E_S3_C3;0015;0.9774;1.0286;0.9323
0022;P1E_S2_C3;0017;0.9318;0.9569;0.9067
0022;P2E_S2_C1.2;0002;1.0388;1.0754;0.9986
0022;P2E_S3_C1.2;0021;1.0238;1.0731;0.9469
0022;P1E_S1_C2;0011;0.9162;0.9777;0.8598
0022;P2L_S2_C3.1;0002;1.0434;1.1101;1.0076
0022;P2E_S4_C1.2;0021;1.0436;1.1048;0.9849
0022;P2E_S1_C2.2;0015;0.9615;1.0444;0.8668
0022;P2L_S3_C1.1;0020;1.0024;1.1193;0.9421
0022;P1L_S4_C3;0001;0.9985;1.0923;0.9261
0022;P2L_S3_C2.1;0006;0.9409;1.0469;0.8807
0022;P2E_S4_C2.1;0004;0.9368;1.0234;0.8373
0022;P2E_S1_C3.2;0003;0.9998;1.0651;0.9211
0022;P2E_S2_C1.1;0020;0.9995;1.0443;0.9556
0022;P2L_S2_C3.2;0021;1.0268;1.0735;0.9502
0022;P1E_S4_C3;0023;0.9508;1.0126;0.9043
0022;P2E_S2_C2.1;0007;0.9722;1.0335;0.9139
0023;P2E_S4_C3.1;0029;1.0436;1.1063;0.9040
0023;P2L_S3_C3.1;0005;0.9734;1.0583;0.9039
0023;P2E_S1_C2.1;0030;1.0433;1.1042;0.9758
0023;P2L_S1_C2.1;0025;0.9586;1.0582;0.8747
0023;P1L_S1_C2;0020;0.9341;1.0389;0.8681
0023;P2E_S2_C1.1;0030;1.0625;1.1096;0.9982
0023;P2E_S3_C3.2;0002;0.9441;1.0127;0.9000
0023;P1E_S3_C3;0010;0.9542;0.9910;0.9119
0023;P2E_S4_C3.2;0015;1.0198;1.0886;0.9560
0023;P2L_S2_C3.2;0021;0.9065;0.9673;0.8433
0023;P2E_S2_C1.2;0003;0.9472;1.0115;0.8648
0023;P2L_S3_C1.1;0016;0.9873;1.0387;0.9110
0023;P2E_S2_C2.2;0015;1.0040;1.0831;0.9036
0023;P1E_S3_C2;0019;0.9953;1.0705;0.9018
0023;P2L_S1_C2.2;0015;1.0162;1.1365;0.9520
0023;P2E_S4_C1.1;0030;1.0263;1.1012;0.9589
0023;P1L_S4_C1;0026;0.9325;0.9959;0.8345
0023;P2L_S4_C2.1;0025;0.9561;1.0687;0.8396
0023;P2L_S3_C2.1;0007;1.0421;1.1469;0.9358
0023;P2E_S3_C3.1;0029;1.0663;1.1268;1.0001
0023;P1L_S2_C3;0003;0.9476;0.9783;0.8990
0023;P1E_S1_C3;0004;1.0324;1.0929;1.0011
0023;P2L_S2_C3.1;0007;1.0428;1.1240;0.9499
0023;P1E_S4_C2;0020;0.9180;0.9991;0.8365
0023;P2L_S1_C1.2;0003;0.9191;1.0054;0.8602
0023;P2E_S3_C2.1;0030;1.0640;1.1242;0.9999
0023;P2L_S2_C1.1;0024;0.9606;1.0176;0.9026
0023;P1E_S4_C3;0024;0.9334;0.9751;0.8970
0023;P1L_S2_C2;0015;1.0640;1.1206;1.0089
0023;P2L_S4_C1.1;0024;0.9515;1.0157;0.8807
0023;P2E_S3_C1.1;0018;1.0172;1.0931;0.9484
0023;P1E_S1_C1;0013;0.9696;1.0261;0.9000
0023;P2E_S3_C1.2;0021;0.9736;1.0402;0.8773
0023;P1L_S3_C3;0004;0.9864;1.0336;0.8976
0023;P1E_S2_C2;0017;1.0076;1.1218;0.9694
0023;P1L_S1_C3;0011;1.0020;1.0694;0.9528
0023;P2E_S4_C1.2;0003;0.9753;1.0584;0.9015
0023;P1L_S4_C2;0003;0.9847;1.0638;0.9049
0023;P2L_S3_C2.2;0021;0.9440;1.0180;0.8553
0023;P2L_S2_C1.2;0015;1.0299;1.1263;0.9072
0023;P1L_S2_C1;0004;1.0060;1.0892;0.9180
0023;P2E_S3_C2.2;0021;0.9901;1.0524;0.9072
0023;P1L_S3_C2;0010;0.9380;1.0325;0.8452
0023;P2L_S2_C2.2;0021;0.9278;0.9972;0.8715
0023;P2E_S2_C3.1;0006;0.9873;1.1107;0.9033
0023;P2L_S4_C2.2;0022;0.9756;1.0282;0.8962
0023;P1L_S3_C1;0004;0.9812;1.0568;0.8918
0018;P1L_S1_C1;0016;0.9630;1.0320;0.9084
0018;P1L_S1_C2;0015;1.0221;1.0907;0.9541
0018;P1E_S4_C1;0016;0.9443;0.9780;0.9063
0018;P2L_S1_C1.1;0026;0.9862;1.0474;0.9234
0018;P2E_S1_C2.2;0022;1.0537;1.1179;0.9640
0018;P1L_S3_C2;0013;0.9808;1.0450;0.8999
0018;P1L_S2_C3;0017;1.0017;1.0686;0.9394
0018;P2E_S3_C3.1;0027;1.0046;1.0493;0.9424
0018;P1E_S3_C2;0024;0.9988;1.0451;0.9240
0018;P2L_S2_C3.2;0003;1.0315;1.1094;0.9483
0018;P2E_S1_C3.2;0021;0.9602;1.1047;0.8498
0018;P2L_S3_C1.1;0013;0.9529;1.0315;0.9015
0018;P2E_S3_C2.1;0019;0.9876;1.0407;0.9392
0018;P2L_S4_C2.2;0003;1.0283;1.1122;0.9472
0018;P2L_S1_C3.2;0022;1.0595;1.1143;0.9993
0018;P2L_S1_C1.2;0003;1.0295;1.0943;0.9739
0018;P1E_S3_C3;0027;0.9350;0.9616;0.9050
0018;P2E_S2_C1.2;0021;0.9836;1.0825;0.8736
0018;P2E_S3_C1.1;0029;1.0151;1.0581;0.9559
0018;P1L_S4_C3;0007;1.0696;1.1118;1.0205
0018;P2L_S4_C2.1;0025;0.9934;1.0617;0.8565
0018;P2E_S1_C1.2;0003;1.0542;1.1060;1.0014
0018;P1L_S2_C1;0014;0.9981;1.1198;0.9415
0018;P2L_S4_C1.1;0029;1.0094;1.1008;0.8995
0018;P2E_S2_C3.2;0022;1.0494;1.1476;0.9737
0018;P2L_S1_C3.1;0024;1.0183;1.0649;0.9830
0018;P1E_S2_C2;0007;1.0479;1.1109;1.0009
0018;P2L_S2_C2.2;0021;0.9523;1.0264;0.8804
0018;P2E_S4_C1.2;0015;1.0310;1.0902;0.9570
0018;P2E_S4_C2.1;0006;1.0480;1.1603;0.9704
0018;P2L_S3_C1.2;0021;1.0218;1.1087;0.9472
0018;P2L_S4_C1.2;0021;0.9748;1.0668;0.9026
0018;P2E_S3_C3.2;0015;1.0366;1.0799;0.9932
0018;P2E_S4_C3.2;0002;1.0352;1.0959;0.9721
0018;P2L_S3_C3.2;0022;1.0171;1.0966;0.9053
0018;P2E_S1_C1.1;0019;1.0130;1.0376;0.9791
0018;P1L_S3_C3;0013;0.9920;1.0526;0.9339
0018;P2L_S1_C2.2;0015;1.0199;1.0955;0.9762
0018;P2E_S3_C2.2;0015;1.0354;1.1070;0.9788
0018;P2E_S2_C2.1;0016;0.9650;1.0263;0.9182
0018;P1E_S4_C3;0014;0.9914;1.0132;0.9525
0018;P1L_S4_C1;0004;1.0566;1.1718;0.9684
0018;P2L_S4_C3.2;0015;1.0493;1.0960;1.0053
0018;P2E_S4_C3.1;0026;1.0029;1.0744;0.9136
0018;P2E_S2_C3.1;0019;0.9823;1.0449;0.9122
0018;P1L_S1_C3;0004;1.0451;1.0970;1.0033
0018;P1L_S3_C1;0025;1.0120;1.0964;0.9471
0001;P2L_S1_C2.1;0020;0.9582;1.0396;0.8676
0001;P2E_S4_C3.1;0012;0.9658;1.0395;0.9007
0001;P2E_S2_C2.1;0004;1.0094;1.0982;0.9360
0001;P2E_S1_C2.2;0021;0.9768;1.0774;0.8721
0001;P2E_S1_C2.1;0023;1.0123;1.0767;0.9291
0001;P1E_S3_C1;0016;0.9729;1.0158;0.9259
0001;P1E_S2_C1;0015;1.0055;1.0644;0.9556
0001;P2L_S4_C3.2;0015;1.0173;1.1034;0.9303
0001;P1E_S1_C2;0023;0.9911;1.0401;0.9154
0001;P2E_S4_C2.2;0015;0.9966;1.0642;0.9080
0001;P2E_S4_C2.1;0030;0.9953;1.0686;0.9063
0001;P2E_S1_C3.1;0017;1.0156;1.0722;0.9471
0001;P1L_S1_C2;0004;1.0355;1.1111;0.9426
0001;P2L_S3_C3.1;0012;0.9552;1.0411;0.8316
0001;P2E_S2_C2.2;0021;0.9979;1.1376;0.8318
0001;P2E_S3_C3.2;0002;1.0179;1.0613;0.9465
0001;P1E_S4_C3;0017;1.0649;1.1068;1.0341
0001;P2L_S3_C1.1;0023;1.0401;1.0934;0.9589
0001;P2E_S3_C1.1;0016;0.9548;1.0102;0.8972
0001;P2L_S2_C3.2;0022;1.0230;1.1011;0.9613
0001;P2E_S1_C1.2;0022;1.0227;1.0723;0.9740
0001;P1L_S2_C3;0011;1.0792;1.1367;1.0060
0001;P1E_S4_C1;0005;0.9233;0.9869;0.8901
0001;P2L_S3_C3.2;0021;0.9970;1.0690;0.8196
0001;P2L_S1_C2.2;0021;1.0151;1.0780;0.9332
0001;P1E_S1_C3;0009;0.9356;0.9580;0.9070
0001;P2E_S4_C1.2;0003;1.0333;1.1173;0.9255
0001;P2L_S2_C2.2;0022;0.9948;1.0738;0.9262
0001;P2E_S3_C3.1;0028;1.0165;1.0639;0.9758
0001;P2E_S2_C1.2;0003;1.0563;1.1282;0.9716
0001;P2E_S4_C1.1;0024;0.9774;1.0417;0.9084
0001;P2L_S2_C2.1;0012;0.9688;1.0748;0.8809
0001;P2E_S4_C3.2;0022;1.0080;1.0838;0.9505
0001;P1E_S3_C3;0015;1.0378;1.0742;0.9942
0001;P1E_S1_C1;0005;0.9309;0.9673;0.8946
0001;P2E_S2_C1.1;0029;0.9701;1.0280;0.9268
0001;P2L_S2_C1.2;0015;1.0138;1.0948;0.9267
0001;P2E_S2_C3.2;0003;1.0099;1.1058;0.9171
0001;P2L_S1_C1.1;0023;1.0385;1.0942;0.9354
0001;P2L_S1_C3.2;0015;1.0229;1.0709;0.9386
0001;P1L_S1_C3;0009;0.9018;0.9609;0.8471
0001;P2E_S3_C2.2;0021;1.0136;1.0889;0.9634
0001;P2L_S2_C1.1;0011;1.0631;1.1158;0.9797
0001;P2L_S3_C1.2;0021;0.9733;1.0545;0.9186
0001;P2E_S1_C1.1;0005;0.9882;1.0321;0.9356
0001;P2E_S2_C3.1;0019;0.9685;1.0412;0.9101
0001;P2L_S4_C1.2;0015;1.0044;1.0704;0.9031
0012;P2E_S1_C2.2;0022;0.9263;0.9998;0.8590
0012;P2L_S1_C1.2;0022;0.8900;0.9766;0.8187
0012;P2L_S3_C2.1;0004;1.0743;1.1508;1.0022
0012;P2E_S1_C1.1;0005;0.9991;1.0207;0.9779
0012;P1E_S1_C3;0001;0.9454;0.9836;0.9120
0012;P2E_S2_C3.1;0029;1.0104;1.0599;0.9434
0012;P2E_S3_C2.2;0022;0.9157;0.9961;0.8306
0012;P2L_S4_C3.2;0022;0.9117;0.9994;0.7920
0012;P1L_S3_C3;0015;0.9488;0.9852;0.9089
0012;P2E_S2_C3.2;0015;0.9914;1.0576;0.9403
0012;P2L_S3_C1.1;0024;1.0427;1.1309;0.9570
0012;P2L_S1_C2.1;0018;0.9986;1.0748;0.9198
0012;P2E_S4_C3.1;0014;1.0094;1.0918;0.9425
0012;P2L_S3_C3.2;0015;0.9726;1.1194;0.8922
0012;P2L_S2_C3.1;0029;1.0257;1.0978;0.9387
0012;P1L_S1_C2;0014;1.0100;1.0636;0.9718
0012;P2L_S2_C3.2;0021;1.0317;1.0891;0.9448
0012;P2E_S2_C1.1;0013;0.9041;0.9775;0.8349
0012;P1L_S3_C1;0011;1.0329;1.0826;0.9825
0012;P1L_S3_C2;0009;0.9053;0.9753;0.8314
0012;P2L_S2_C1.1;0001;0.9310;0.9881;0.8655
0012;P2L_S4_C1.2;0022;0.8999;1.0430;0.8078
0012;P1E_S4_C1;0016;1.0135;1.0598;0.9633
0012;P2L_S4_C1.1;0011;1.0293;1.0845;0.9469
0012;P1L_S4_C3;0009;0.9416;1.0000;0.8910
0012;P2E_S1_C3.1;0001;0.9507;1.0081;0.8792
0012;P1L_S2_C2;0015;0.9853;1.0572;0.8939
0012;P2E_S4_C2.1;0009;0.9216;0.9994;0.8114
0012;P2E_S2_C2.2;0022;0.9361;1.0164;0.8404
0012;P1E_S2_C2;0005;0.9419;0.9952;0.9079
0012;P2L_S2_C1.2;0015;0.9976;1.0636;0.9231
0012;P2E_S1_C2.1;0029;0.9771;1.0162;0.9477
0012;P1L_S1_C1;0013;0.9491;1.0224;0.8869
0012;P1E_S4_C3;0024;1.0163;1.0783;0.9672
0012;P1E_S3_C3;0014;0.9981;1.0411;0.9703
0012;P2L_S1_C2.2;0015;0.9969;1.0641;0.9527
0012;P2L_S1_C3.1;0017;0.9858;1.0543;0.9053
0012;P2E_S1_C3.2;0002;1.0231;1.0793;0.9635
0012;P2E_S4_C1.2;0002;1.0285;1.0769;0.9795
0012;P1E_S3_C2;0024;1.0208;1.0755;0.8727
0012;P2E_S3_C1.2;0002;1.0114;1.0697;0.9442
0012;P1E_S2_C3;0006;1.0905;1.1232;1.0479
0012;P1E_S4_C2;0023;0.9730;1.0398;0.9024
0012;P1L_S4_C2;0021;1.0531;1.1073;0.9770
0012;P2E_S4_C3.2;0015;0.9626;1.0401;0.8812
0012;P2E_S3_C3.2;0015;0.9872;1.0437;0.9178
0010;P2E_S4_C2.2;0015;1.0031;1.1186;0.9205
0010;P2E_S2_C1.1;0014;0.8887;0.9963;0.7896
0010;P2L_S3_C3.1;0007;0.9661;1.0612;0.8437
0010;P2L_S2_C1.1;0009;1.1055;1.1503;1.0309
0010;P2E_S1_C3.2;0002;1.0108;1.0850;0.9442
0010;P1L_S3_C1;0013;1.0159;1.0836;0.9572
0010;P2E_S2_C2.1;0027;0.9745;1.0499;0.8848
0010;P2E_S1_C3.1;0017;1.0373;1.0820;0.9982
0010;P2L_S3_C1.2;0022;1.0886;1.1439;1.0273
0010;P1L_S2_C1;0016;1.0391;1.0976;0.9740
0010;P2L_S1_C1.2;0022;1.0595;1.1360;0.9977
0010;P2E_S4_C2.1;0006;1.0623;1.1287;0.9658
0010;P2E_S1_C2.2;0003;1.0076;1.1010;0.9290
0010;P1L_S1_C1;0015;0.9627;1.0465;0.8963
0010;P1L_S2_C2;0018;1.0722;1.1072;1.0146
0010;P2E_S3_C1.1;0005;0.9789;1.0476;0.8994
0010;P2E_S4_C1.1;0005;0.9837;1.0571;0.9261
0010;P1L_S2_C3;0026;1.0027;1.0502;0.9641
0010;P2L_S1_C1.1;0017;1.0598;1.1342;0.9895
0010;P1E_S3_C3;0027;0.9370;0.9596;0.9194
0010;P1E_S4_C3;0023;0.9773;1.0390;0.9165
0010;P1E_S2_C1;0017;1.0219;1.0721;0.9606
0010;P2L_S1_C2.1;0006;1.0343;1.1359;0.9456
0010;P2E_S3_C1.2;0003;1.0271;1.0950;0.9567
0010;P1E_S4_C1;0023;0.9603;1.0418;0.8770
0010;P1L_S1_C2;0021;0.9877;1.0414;0.9397
0010;P1E_S2_C2;0020;1.0617;1.1565;1.0153
0010;P1L_S1_C3;0015;0.9986;1.0988;0.9073
0010;P1L_S4_C2;0026;1.0443;1.1284;0.9504
0010;P2E_S4_C3.2;0015;1.0046;1.0744;0.9159
0010;P2E_S3_C2.1;0025;1.0158;1.0699;0.8931
0010;P2L_S2_C2.2;0021;0.9858;1.0716;0.9248
0010;P1E_S3_C1;0009;1.0990;1.1513;1.0272
0010;P2L_S3_C1.1;0009;1.0968;1.1566;1.0498
0010;P2E_S1_C2.1;0009;1.0788;1.1523;1.0081
0010;P2L_S1_C2.2;0022;1.0703;1.1255;1.0306
0010;P2L_S2_C2.1;0012;1.0762;1.1250;0.9657
0010;P2E_S4_C3.1;0024;0.9528;1.0303;0.9034
0010;P1E_S4_C2;0026;1.0240;1.0913;0.9772
0010;P2L_S1_C3.2;0021;1.0164;1.0800;0.9628
0010;P2L_S2_C3.1;0002;1.0155;1.0842;0.9181
0010;P2E_S2_C2.2;0015;1.0334;1.1128;0.9561
0010;P1L_S4_C3;0017;1.0496;1.1053;0.9713
0010;P2L_S3_C2.1;0018;1.0996;1.1804;0.9672
0010;P2L_S4_C2.2;0003;1.0607;1.1478;0.9948
0010;P2L_S4_C2.1;0026;0.9917;1.0591;0.9464
0006;P2L_S3_C2.2;0015;0.8995;1.0409;0.7935
0006;P2L_S4_C2.2;0015;0.8801;0.9794;0.7817
0006;P1E_S2_C1;0020;0.9728;1.0085;0.9267
0006;P2E_S1_C3.2;0003;1.0247;1.0752;0.9186
0006;P2E_S3_C1.1;0028;0.9627;1.0426;0.8662
0006;P1L_S3_C2;0017;0.9097;0.9696;0.8516
0006;P2E_S4_C1.2;0003;1.0250;1.0812;0.9568
0006;P2L_S3_C3.2;0022;0.9132;0.9864;0.8320
0006;P1L_S3_C1;0009;0.9616;1.0156;0.8886
0006;P2L_S2_C2.2;0021;0.9171;1.0015;0.8673
0006;P2E_S3_C1.2;0003;1.0099;1.0695;0.9514
0006;P1E_S4_C3;0001;0.9801;1.0007;0.9558
0006;P2L_S1_C1.2;0015;0.8733;0.9692;0.8094
0006;P2L_S4_C1.1;0002;1.1028;1.1797;1.0523
0006;P2E_S4_C3.2;0022;0.9040;0.9432;0.8365
0006;P2L_S1_C3.2;0022;0.9605;1.0624;0.8941
0006;P1E_S3_C2;0015;0.8939;0.9593;0.7992
0006;P2E_S4_C2.2;0021;0.9237;0.9840;0.8338
0006;P2E_S4_C2.1;0016;0.8871;0.9524;0.8343
0006;P1L_S2_C1;0005;0.8925;0.9892;0.8116
0006;P1E_S1_C2;0019;0.9829;1.0296;0.9424
0006;P1L_S1_C2;0013;0.9309;1.0180;0.8734
0006;P2E_S3_C2.2;0003;1.0034;1.0727;0.8820
0006;P1L_S3_C3;0003;0.9789;1.0182;0.9365
0006;P2E_S2_C3.1;0018;1.0148;1.0838;0.9332
0006;P1E_S3_C1;0020;0.9600;1.0240;0.8945
0006;P2E_S3_C3.2;0015;0.8838;0.9480;0.8222
0006;P1E_S2_C2;0022;0.8906;0.9179;0.8467
0006;P1L_S1_C3;0026;1.0497;1.0746;1.0091
0006;P1L_S4_C3;0001;0.9796;1.0312;0.9390
0006;P1E_S1_C1;0013;0.9540;1.0445;0.8774
0006;P2L_S3_C3.1;0009;1.0320;1.0983;0.9649
0006;P1E_S2_C3;0004;0.9321;0.9641;0.8988
0006;P2L_S2_C1.2;0003;0.9901;1.0527;0.9167
0006;P2E_S1_C1.2;0003;1.0455;1.0873;1.0098
0006;P2L_S1_C3.1;0030;1.0104;1.0623;0.9479
0006;P2L_S4_C3.1;0005;0.9232;0.9723;0.8607
0006;P2L_S3_C2.1;0029;0.9756;1.0238;0.9000
0006;P1L_S1_C1;0017;0.8974;0.9501;0.8490
0006;P2E_S1_C2.1;0016;0.8956;0.9652;0.8421
0006;P2L_S3_C1.2;0015;0.8864;0.9840;0.8389
0006;P2E_S4_C3.1;0011;0.9270;1.0018;0.8507
0006;P1E_S3_C3;0026;1.0701;1.0949;1.0529
0006;P2E_S1_C1.1;0005;0.8896;0.9116;0.8269
0006;P2E_S1_C2.2;0021;0.9525;1.0192;0.8815
0006;P1L_S4_C1;0004;0.9539;1.0123;0.8965
0009;P2L_S2_C2.1;0005;0.9706;1.0374;0.9286
0009;P1L_S2_C3;0027;0.9498;0.9966;0.9134
0009;P2E_S2_C2.2;0021;0.8571;0.9334;0.7846
0009;P2E_S3_C1.2;0022;0.9540;1.0608;0.8857
0009;P2L_S4_C2.1;0026;0.9115;0.9624;0.8212
0009;P2L_S2_C1.2;0003;1.0636;1.1344;0.9648
0009;P2E_S1_C2.2;0022;0.9384;1.0152;0.8604
0009;P1L_S1_C2;0016;0.7660;0.8354;0.7134
0009;P1L_S4_C3;0019;1.0521;1.0873;1.0117
0009;P1L_S3_C3;0014;0.9386;0.9833;0.8782
0009;P2L_S1_C2.1;0013;0.9548;0.9994;0.8805
0009;P1E_S1_C1;0010;1.0682;1.1223;0.9897
0009;P1L_S3_C2;0011;0.9875;1.0691;0.9164
0009;P2E_S2_C3.1;0024;0.9732;1.0100;0.9334
0009;P2L_S2_C3.2;0003;1.0594;1.1653;0.9716
0009;P2E_S2_C2.1;0023;0.9815;1.0637;0.8800
0009;P1E_S1_C2;0014;0.9922;1.0457;0.9401
0009;P2L_S4_C3.1;0007;0.9892;1.0558;0.9252
0009;P2L_S1_C3.1;0020;0.9762;1.0284;0.9297
0009;P2E_S2_C1.1;0023;0.9852;1.0866;0.9218
0009;P2L_S3_C3.1;0025;1.0652;1.1055;1.0012
0009;P2E_S3_C3.1;0014;0.9326;0.9859;0.8572
0009;P1L_S3_C1;0025;1.0295;1.1104;0.9057
0009;P1E_S3_C2;0021;0.8519;0.9269;0.7906
0009;P1L_S4_C1;0015;0.9507;1.0034;0.8890
0009;P2L_S3_C2.2;0015;0.9852;1.0869;0.9210
0009;P2L_S3_C2.1;0014;1.0157;1.0885;0.9579
0009;P2L_S2_C1.1;0024;0.9564;1.0411;0.8615
0009;P2E_S1_C3.1;0026;0.9254;1.0107;0.8393
0009;P2E_S2_C3.2;0022;0.9365;0.9941;0.8540
0009;P2E_S4_C3.1;0018;1.0146;1.0764;0.9425
0009;P1E_S4_C3;0004;0.9233;0.9747;0.8611
0009;P2E_S1_C3.2;0002;0.9932;1.0473;0.9146
0009;P1E_S1_C3;0005;0.9872;1.0148;0.9533
0009;P1L_S1_C1;0022;0.8814;0.9701;0.8019
0009;P2L_S4_C1.1;0013;0.9481;1.0108;0.9034
0009;P2E_S1_C1.1;0011;1.0110;1.0528;0.9714
0009;P2E_S3_C1.1;0024;0.9415;0.9988;0.8500
0009;P2E_S1_C1.2;0015;0.9848;1.0300;0.9096
0009;P1E_S2_C2;0018;1.0385;1.0800;1.0048
0009;P1L_S1_C3;0005;0.9892;1.0237;0.9571
0009;P2L_S4_C3.2;0021;0.8993;0.9889;0.7839
0009;P1E_S2_C3;0026;0.8985;0.9421;0.8584
0009;P2E_S1_C2.1;0011;1.0247;1.0899;0.9485
0009;P2L_S4_C1.2;0021;0.8777;0.9699;0.7911
0009;P2L_S1_C1.1;0012;0.9804;1.0588;0.9071
0009;P1E_S4_C1;0003;1.0398;1.1149;0.9622
0026;P2L_S1_C1.1;0025;1.0637;1.1344;0.9860
0026;P2L_S1_C2.2;0021;0.9359;1.0325;0.8854
0026;P1L_S1_C3;0016;0.9681;0.9950;0.9460
0026;P2E_S2_C1.1;0027;0.9484;1.0059;0.8775
0026;P2L_S1_C3.2;0015;0.9905;1.0650;0.9406
0026;P1L_S4_C2;0024;0.9463;0.9958;0.8972
0026;P2E_S1_C2.1;0007;0.9407;1.0043;0.8746
0026;P2E_S3_C2.2;0003;0.9464;1.0449;0.8732
0026;P2L_S3_C3.1;0004;1.0615;1.1455;1.0048
0026;P2E_S2_C2.1;0027;0.9545;1.0121;0.8922
0026;P2L_S3_C2.1;0020;0.8404;0.9264;0.7768
0026;P2L_S3_C1.2;0022;0.9581;1.0521;0.8868
0026;P2E_S4_C1.1;0006;0.9925;1.0479;0.9137
0026;P2E_S4_C3.1;0017;0.9634;1.0297;0.9001
0026;P1L_S2_C2;0027;0.9434;0.9941;0.9013
0026;P1E_S2_C3;0005;1.0445;1.0689;1.0234
0026;P1E_S4_C3;0001;1.0346;1.0688;1.0127
0026;P1E_S4_C2;0011;0.9436;0.9983;0.8846
0026;P1E_S1_C1;0015;0.9775;1.0564;0.9251
0026;P1E_S4_C1;0016;0.9646;1.0069;0.9395
0026;P1L_S2_C3;0006;0.9941;1.0387;0.9467
0026;P1E_S2_C1;0014;0.9781;1.0800;0.8861
0026;P2L_S4_C3.1;0011;0.9357;1.0143;0.8809
0026;P2E_S3_C3.2;0021;0.9630;1.0422;0.8752
0026;P2L_S3_C2.2;0003;0.9309;1.0355;0.8222
0026;P2E_S2_C1.2;0002;1.0635;1.1232;1.0212
0026;P1L_S1_C2;0016;0.9529;0.9968;0.9244
0026;P2L_S2_C1.2;0003;0.9744;1.1038;0.8795
0026;P1L_S3_C3;0010;0.9547;0.9973;0.8845
0026;P2E_S4_C3.2;0022;0.9668;1.0264;0.8925
0026;P1L_S4_C1;0003;0.9996;1.0770;0.9210
0026;P1E_S3_C1;0024;0.9465;0.9924;0.8948
0026;P2L_S4_C1.1;0030;0.9857;1.0753;0.9136
0026;P1L_S2_C1;0007;0.9690;1.0122;0.9206
0026;P2L_S4_C2.2;0022;0.9828;1.0337;0.9042
0026;P2L_S3_C3.2;0003;0.9543;1.0418;0.8424
0026;P2E_S4_C1.2;0021;0.9586;1.0135;0.8974
0026;P2E_S1_C3.1;0013;0.9152;0.9717;0.8648
0026;P2E_S4_C2.1;0018;1.0135;1.0778;0.9222
0026;P2E_S2_C3.2;0015;0.9635;1.0287;0.8989
0026;P2E_S3_C1.2;0002;1.0540;1.1135;0.9752
0026;P2E_S3_C2.1;0017;0.9504;1.0250;0.8591
0026;P1E_S3_C2;0024;0.9587;1.0028;0.8610
0026;P2L_S2_C1.1;0019;0.8982;0.9912;0.8367
0026;P2L_S1_C3.1;0023;0.9226;1.0277;0.8409
0026;P2E_S1_C2.2;0015;0.9454;1.0228;0.8385
0027;P2L_S4_C3.2;0003;0.9092;0.9841;0.8289
0027;P1E_S1_C3;0004;1.0303;1.0504;0.9935
0027;P1L_S3_C1;0015;0.9567;1.0352;0.8953
0027;P2L_S2_C2.1;0010;0.9598;1.0134;0.9073
0027;P1E_S2_C2;0005;1.0791;1.1368;1.0290
0027;P2L_S2_C3.1;0024;0.9208;0.9676;0.8641
0027;P1E_S4_C2;0004;0.9845;1.1361;0.8677
0027;P2E_S2_C2.1;0025;1.0294;1.0816;0.9746
0027;P2L_S3_C2.2;0003;0.9367;1.0230;0.8610
0027;P2E_S4_C1.2;0003;0.9117;1.0014;0.8284
0027;P2E_S1_C2.2;0003;0.9100;1.0134;0.8263
0027;P2E_S3_C3.2;0022;1.0051;1.0679;0.9085
0027;P2L_S1_C2.2;0003;0.9119;1.0237;0.8425
0027;P2L_S1_C3.1;0014;1.0520;1.0993;0.9836
0027;P2E_S4_C2.1;0001;1.0270;1.1033;0.9517
0027;P1E_S2_C1;0020;1.0307;1.0924;0.9634
0027;P1L_S1_C3;0015;0.9808;1.0309;0.9478
0027;P2L_S3_C3.2;0022;0.9976;1.0789;0.9355
0027;P1L_S4_C1;0022;0.9729;1.0357;0.8687
0027;P2E_S3_C2.2;0022;1.0198;1.0752;0.9521
0027;P1E_S1_C1;0018;0.9108;0.9550;0.8560
0027;P2E_S2_C1.2;0021;1.0417;1.1572;0.9444
0027;P1L_S1_C1;0006;1.0239;1.0949;0.9575
0027;P1E_S4_C1;0010;0.9936;1.0606;0.9469
0027;P1E_S1_C2;0004;1.0003;1.0771;0.9459
0027;P2L_S2_C3.2;0015;0.9635;1.0397;0.8676
0027;P2E_S1_C3.1;0011;1.0571;1.1117;1.0024
0027;P2L_S2_C1.2;0022;1.0042;1.0603;0.9356
0027;P2E_S4_C3.1;0004;1.0233;1.1158;0.9393
0027;P2L_S4_C3.1;0010;0.9668;1.0109;0.9065
0027;P2E_S1_C2.1;0030;1.1683;1.2454;1.0944
0027;P1E_S3_C1;0013;0.9986;1.0766;0.9623
0027;P2L_S1_C2.1;0028;1.0040;1.0843;0.9257
0027;P2L_S1_C1.1;0002;0.9527;1.0196;0.8988
0027;P2E_S2_C3.2;0002;0.9448;1.0386;0.8878
0027;P2L_S2_C2.2;0003;0.9206;1.0612;0.8400
0027;P1L_S2_C2;0021;1.0056;1.0953;0.9374
0027;P2E_S4_C2.2;0003;0.9206;1.0338;0.8633
0027;P2E_S3_C3.1;0009;1.0221;1.1070;0.9659
0027;P1L_S1_C2;0023;0.9161;0.9763;0.8407
0027;P2L_S4_C1.2;0021;1.0199;1.1418;0.8398
0027;P2L_S3_C1.1;0017;0.9094;1.0110;0.8430
0027;P2E_S1_C1.1;0024;0.9405;0.9748;0.9073
0027;P1E_S4_C3;0001;1.0510;1.0947;1.0094
0027;P2E_S3_C1.2;0021;1.0131;1.1126;0.9166
0007;P2E_S1_C2.1;0025;0.9882;1.0614;0.9271
0007;P2E_S4_C3.2;0003;0.9749;1.0377;0.9302
0007;P1L_S2_C1;0015;1.0455;1.1019;0.9796
0007;P1E_S4_C1;0023;1.0452;1.1068;0.9758
0007;P2L_S1_C3.1;0005;0.9936;1.0339;0.9165
0007;P1E_S4_C3;0009;0.9986;1.0588;0.9576
0007;P1E_S3_C2;0024;1.0476;1.1159;0.9538
0007;P2L_S3_C1.2;0015;1.0269;1.0843;0.9651
0007;P2E_S3_C2.2;0022;0.9944;1.0570;0.9214
0007;P2L_S1_C1.2;0021;1.0034;1.0565;0.9412
0007;P2L_S3_C3.1;0019;1.0121;1.0705;0.9540
0007;P1E_S2_C1;0005;0.9872;1.0435;0.9309
0007;P1E_S1_C1;0021;1.0123;1.0606;0.9558
0007;P2L_S1_C2.2;0021;1.0022;1.0611;0.9557
0007;P1L_S4_C2;0014;1.0006;1.0880;0.9121
0007;P1E_S3_C1;0014;1.0100;1.0804;0.9338
0007;P2L_S4_C2.2;0022;0.9931;1.0786;0.9368
0007;P2E_S1_C3.1;0018;1.0688;1.1211;1.0047
0007;P2L_S1_C3.2;0015;1.0165;1.1089;0.9563
0007;P2E_S2_C3.2;0002;0.9416;1.0093;0.8826
0007;P2E_S3_C3.1;0001;0.9437;0.9879;0.8689
0007;P1L_S1_C3;0017;0.9698;1.0007;0.9257
0007;P1L_S4_C3;0001;0.9424;0.9894;0.9070
0007;P2L_S4_C1.2;0015;1.0433;1.1282;0.9803
0007;P2L_S3_C2.1;0017;1.0155;1.0915;0.9530
0007;P2L_S3_C2.2;0022;1.0101;1.0710;0.9396
0007;P1L_S2_C3;0014;1.0121;1.0780;0.9474
0007;P1E_S1_C2;0024;1.0521;1.1033;0.9619
0007;P2E_S2_C2.2;0022;1.0180;1.0749;0.9516
0007;P2E_S2_C2.1;0014;0.9761;1.0834;0.9044
0007;P2E_S1_C1.1;0028;1.0645;1.1094;1.0142
0007;P2E_S4_C2.2;0015;1.0134;1.0737;0.9355
0007;P1E_S3_C3;0015;1.1157;1.1516;1.0659
0007;P2E_S4_C1.1;0013;0.9847;1.0458;0.9167
0007;P2E_S4_C3.1;0019;1.0009;1.0670;0.8676
0007;P2L_S4_C2.1;0006;0.9687;1.0383;0.9179
0007;P1L_S1_C2;0021;1.0204;1.0818;0.9650
0007;P1L_S4_C1;0003;0.8995;0.9676;0.8540
0007;P1E_S1_C3;0011;0.9985;1.0118;0.9780
0007;P2E_S1_C2.2;0003;0.9705;1.0381;0.9206
0007;P2L_S4_C1.1;0028;1.0549;1.1087;0.9605
0007;P2L_S1_C1.1;0026;0.9571;1.0575;0.8685
0007;P2L_S2_C3.1;0029;1.0208;1.0859;0.9330
0007;P2L_S3_C1.1;0005;0.9787;1.0642;0.9265
0007;P2E_S2_C1.2;0022;1.0206;1.0818;0.9296
0007;P1L_S3_C2;0004;0.9872;1.0754;0.9421
0007;P2E_S3_C2.1;0004;0.9757;1.0227;0.9179
0020;P2L_S1_C1.2;0015;0.9709;1.0551;0.8673
0020;P2L_S3_C3.1;0010;1.0582;1.1639;0.9139
0020;P1E_S3_C3;0013;1.0636;1.1454;1.0192
0020;P2L_S1_C2.2;0021;0.8886;0.9429;0.8053
0020;P2E_S2_C3.1;0017;0.9611;1.0462;0.8826
0020;P2L_S3_C2.1;0026;0.9536;1.0139;0.8758
0020;P2E_S1_C2.1;0006;1.0163;1.0719;0.9716
0020;P1L_S1_C1;0006;0.9924;1.0768;0.9128
0020;P1L_S4_C2;0022;0.9527;1.0261;0.8962
0020;P1L_S4_C3;0010;1.0514;1.1027;0.9898
0020;P2L_S2_C2.1;0005;0.9249;0.9877;0.8361
0020;P2E_S4_C3.1;0023;0.9681;1.0768;0.8966
0020;P1E_S4_C2;0021;0.8960;0.9463;0.8373
0020;P2E_S3_C1.2;0021;0.9903;1.1105;0.8911
0020;P2E_S3_C2.1;0014;0.9775;1.0636;0.9090
0020;P2E_S2_C3.2;0022;0.9828;1.0757;0.9076
0020;P2E_S3_C3.2;0002;0.9964;1.0507;0.9019
0020;P1L_S4_C1;0025;0.9557;1.0415;0.8833
0020;P1L_S1_C3;0012;1.0022;1.0625;0.9243
0020;P2E_S2_C1.1;0011;1.0599;1.1417;0.9899
0020;P2L_S1_C3.1;0013;1.0102;1.0929;0.9240
0020;P2E_S1_C1.2;0021;0.9643;1.0214;0.9022
0020;P1L_S2_C3;0016;0.9970;1.0515;0.9575
0020;P2L_S3_C1.1;0012;0.9296;1.0061;0.8705
0020;P2E_S2_C2.1;0026;0.9489;1.0173;0.8952
0020;P2L_S3_C3.2;0021;0.9192;0.9747;0.8390
0020;P1E_S1_C1;0010;1.0894;1.1377;1.0391
0020;P2E_S1_C3.1;0028;1.0682;1.1316;0.9889
0020;P2L_S2_C2.2;0022;0.9582;1.0188;0.9057
0020;P1L_S2_C1;0001;0.9172;1.0090;0.8424
0020;P1L_S1_C2;0019;0.9061;0.9913;0.8414
0020;P1E_S3_C2;0001;0.9042;0.9749;0.8597
0020;P1E_S1_C3;0011;1.0423;1.0702;1.0166
0020;P2L_S3_C2.2;0021;0.9040;0.9671;0.7897
0020;P2L_S1_C3.2;0021;0.8668;0.9740;0.8105
0020;P2L_S1_C2.1;0027;0.9545;1.0808;0.8497
0020;P2L_S3_C1.2;0003;0.9126;0.9970;0.8512
0020;P2L_S1_C1.1;0004;0.9978;1.0108;0.9850
0020;P1E_S2_C3;0024;1.0725;1.1120;1.0385
0020;P2L_S2_C3.2;0003;0.8942;0.9817;0.8225
0020;P2L_S4_C1.1;0011;1.0314;1.0832;0.9098
0020;P2L_S4_C1.2;0021;0.8983;0.9955;0.7935
0020;P1E_S4_C1;0003;0.9415;1.0032;0.8776
0020;P2E_S3_C1.1;0014;0.9572;1.0354;0.8618
0020;P2E_S4_C1.1;0019;0.9155;1.0107;0.8416
0020;P2E_S2_C2.2;0022;0.9735;1.0942;0.8898
0020;P1E_S1_C2;0004;1.0007;1.0487;0.9430
0011;P2E_S4_C3.1;0007;1.0766;1.1593;0.9925
0011;P2L_S1_C3.1;0024;1.0398;1.1230;0.9224
0011;P2E_S1_C3.1;0018;0.9717;1.0445;0.9186
0011;P1L_S2_C3;0023;0.9431;0.9892;0.8944
0011;P2E_S3_C2.1;0028;1.0326;1.0925;0.9877
0011;P1L_S2_C2;0018;0.9711;1.0305;0.8929
0011;P2L_S4_C3.2;0021;0.9288;1.0002;0.8612
0011;P1E_S4_C1;0025;0.9959;1.0730;0.8982
0011;P2L_S4_C1.1;0017;1.0160;1.1030;0.9312
0011;P2E_S3_C2.2;0021;0.9964;1.0307;0.9544
0011;P2L_S3_C1.1;0028;0.9907;1.0572;0.9387
0011;P1E_S4_C3;0022;0.9669;1.0203;0.9111
0011;P1E_S2_C1;0007;1.0400;1.1980;0.9590
0011;P2E_S2_C2.2;0015;0.9967;1.0637;0.9269
0011;P2E_S3_C3.2;0002;1.0302;1.0774;0.9753
0011;P1E_S1_C2;0023;0.9705;1.0518;0.9176
0011;P2L_S2_C1.2;0003;1.0041;1.0481;0.9431
0011;P2L_S2_C2.1;0017;0.9970;1.0873;0.9042
0011;P2E_S1_C2.1;0019;1.0039;1.0764;0.9447
0011;P2L_S1_C2.1;0020;1.0061;1.0797;0.9213
0011;P2L_S3_C2.2;0022;0.9393;1.0090;0.8837
0011;P1L_S1_C1;0020;1.0454;1.0894;0.9931
0011;P2L_S1_C3.2;0003;0.9766;1.0276;0.9291
0011;P2L_S1_C2.2;0021;0.9427;1.0075;0.8721
0011;P2L_S2_C2.2;0015;1.0126;1.0901;0.9163
0011;P2E_S4_C1.1;0014;1.0514;1.1030;0.9977
0011;P2E_S2_C1.1;0019;0.9891;1.0516;0.9183
0011;P2L_S1_C1.2;0022;0.9488;1.0075;0.8925
0011;P2L_S4_C1.2;0003;1.0071;1.0861;0.9386
0011;P1L_S4_C2;0024;0.9618;1.0416;0.8792
0011;P1L_S4_C1;0024;0.9587;1.0248;0.8910
0011;P1E_S3_C2;0022;0.9604;0.9933;0.9244
0011;P1L_S3_C3;0027;1.0462;1.0753;1.0114
0011;P1L_S1_C2;0010;0.9856;1.0612;0.9326
0011;P2L_S2_C3.1;0023;1.0265;1.0821;0.9043
0011;P2L_S2_C1.1;0001;1.0302;1.0890;0.9419
0011;P2E_S2_C3.2;0022;0.9600;1.0404;0.9062
0011;P1E_S4_C2;0010;1.0186;1.0425;0.9977
0011;P1L_S2_C1;0004;0.9189;1.0030;0.8545
0011;P2E_S3_C1.2;0022;0.9853;1.0483;0.9344
0011;P2E_S3_C3.1;0026;0.9823;1.0157;0.9501
0011;P1L_S4_C3;0013;0.9132;0.9564;0.8388
0011;P2E_S4_C3.2;0021;0.9809;1.0651;0.8725
0011;P2L_S3_C2.1;0013;0.9900;1.0578;0.9116
0011;P2E_S2_C2.1;0024;0.9894;1.0794;0.9011
0011;P1E_S1_C1;0013;0.9829;1.0480;0.9401
0011;P2E_S1_C3.2;0002;1.0104;1.0968;0.9325
0014;P1E_S4_C3;0005;0.9362;0.9805;0.8920
0014;P2E_S2_C2.1;0011;1.0205;1.0944;0.9176
0014;P1L_S2_C3;0005;0.9545;1.0067;0.9275
0014;P2L_S1_C2.2;0022;1.0110;1.0733;0.9574
0014;P1E_S4_C1;0022;1.0438;1.1082;0.9692
0014;P2E_S4_C3.2;0021;0.9334;0.9767;0.8828
0014;P2L_S4_C3.2;0015;1.0239;1.0756;0.9544
0014;P1E_S2_C2;0027;1.0589;1.0647;1.0510
0014;P1L_S3_C3;0019;1.0419;1.0943;0.9772
0014;P2E_S4_C1.2;0021;0.9618;1.0640;0.8892
0014;P2L_S2_C1.2;0003;0.9948;1.0831;0.9024
0014;P2E_S2_C3.2;0022;1.0266;1.0997;0.9676
0014;P2E_S1_C3.2;0015;1.0222;1.1293;0.9361
0014;P2E_S1_C1.2;0003;0.9510;0.9987;0.8826
0014;P2E_S4_C2.2;0021;0.9535;1.0197;0.8604
0014;P2E_S4_C3.1;0012;1.0420;1.1387;0.9119
0014;P2L_S4_C2.2;0003;1.0128;1.0921;0.9072
0014;P2L_S3_C1.2;0022;1.0049;1.0692;0.9280
0014;P2E_S1_C2.2;0022;1.0415;1.1380;0.9743
0014;P1L_S1_C1;0019;1.0491;1.1131;0.9806
0014;P1E_S3_C2;0004;0.9942;1.0532;0.9466
0014;P1E_S2_C1;0025;1.0565;1.0982;0.9730
0014;P2L_S3_C1.1;0020;1.0504;1.0963;0.9936
0014;P2L_S2_C3.1;0011;1.0444;1.1099;0.9821
0014;P2L_S3_C2.2;0022;0.9981;1.0786;0.9229
0014;P2E_S3_C3.2;0003;0.9569;0.9936;0.9096
0014;P2L_S2_C2.2;0021;0.9988;1.0777;0.9215
0014;P2L_S2_C3.2;0003;0.9834;1.0506;0.9103
0014;P2E_S4_C2.1;0016;0.9933;1.0382;0.9475
0014;P2E_S3_C2.1;0019;1.0320;1.1169;0.9240
0014;P1L_S2_C2;0001;0.9209;1.0070;0.8373
0014;P1L_S1_C2;0022;1.0220;1.0696;0.9682
0014;P1L_S4_C2;0016;0.9793;1.0595;0.9195
0014;P1L_S1_C3;0009;0.9951;1.0477;0.9553
0014;P2L_S2_C1.1;0019;1.0521;1.1413;0.9557
0014;P2L_S3_C3.2;0015;0.9915;1.0862;0.9305
0014;P1E_S4_C2;0027;1.0148;1.0675;0.9499
0014;P2E_S1_C1.1;0005;1.0243;1.1199;0.9747
0014;P2L_S3_C3.1;0001;0.9851;1.0931;0.8817
0014;P1E_S1_C3;0003;0.9868;1.0160;0.9533
0014;P2E_S2_C2.2;0015;0.9894;1.1137;0.8665
0014;P2E_S3_C2.2;0021;0.9544;0.9866;0.9071
0014;P1E_S1_C1;0015;1.0069;1.0615;0.9131
0014;P1E_S2_C3;0018;1.0131;1.0527;0.9653
0014;P2L_S1_C1.1;0013;0.9354;1.0294;0.8660
0014;P2E_S2_C3.1;0011;0.9975;1.0560;0.9136
0014;P2E_S2_C1.2;0003;0.9720;1.0541;0.8520
0004;P1L_S2_C3;0014;1.0186;1.0769;0.9458
0004;P2L_S2_C2.1;0025;1.0368;1.1085;0.9556
0004;P2L_S1_C2.2;0021;1.0014;1.0538;0.9500
0004;P2L_S2_C1.2;0021;0.9986;1.0736;0.9534
0004;P2E_S4_C2.2;0021;1.0097;1.0819;0.9214
0004;P2E_S3_C1.1;0028;1.0137;1.0755;0.9288
0004;P2L_S2_C2.2;0022;0.9649;1.0319;0.9050
0004;P1E_S1_C2;0025;1.0393;1.0970;0.9544
0004;P2E_S1_C2.2;0003;0.9424;1.0565;0.8693
0004;P1E_S3_C1;0026;1.0321;1.0968;0.9691
0004;P1L_S1_C3;0005;0.9483;0.9918;0.8996
0004;P2E_S1_C3.2;0022;0.9507;1.0246;0.8557
0004;P1E_S4_C3;0024;0.9998;1.0401;0.9723
0004;P2E_S3_C2.2;0003;0.9319;1.0047;0.8648
0004;P2E_S3_C2.1;0012;0.9962;1.0526;0.9175
0004;P2E_S2_C3.2;0022;0.8898;1.0207;0.8305
0004;P2L_S4_C3.2;0003;0.9701;1.0813;0.8913
0004;P2L_S1_C3.2;0003;0.9481;1.0343;0.8647
0004;P1L_S4_C2;0016;1.0384;1.0860;0.9813
0004;P2E_S4_C1.1;0014;1.0081;1.0907;0.8857
0004;P2E_S2_C3.1;0026;0.9773;1.0724;0.8985
0004;P1E_S2_C3;0020;1.0067;1.0472;0.9483
0004;P2E_S4_C1.2;0015;0.9463;1.0144;0.8884
0004;P2L_S2_C3.1;0013;0.9325;1.0137;0.8437
0004;P2E_S1_C2.1;0019;0.9639;1.0299;0.9183
0004;P2L_S4_C1.2;0015;0.9215;1.0325;0.8594
0004;P1E_S3_C3;0017;0.9838;1.0215;0.9435
0004;P2L_S1_C3.1;0027;0.9501;1.0014;0.8995
0004;P1L_S1_C2;0010;1.0542;1.0974;1.0066
0004;P2L_S2_C1.1;0027;0.9750;1.0312;0.9019
0004;P1L_S2_C1;0027;0.9526;1.0333;0.8891
0004;P2E_S2_C1.1;0009;0.9635;1.0326;0.8720
0004;P2L_S3_C2.2;0021;1.0016;1.0489;0.9510
0004;P1E_S2_C2;0017;0.9680;0.9997;0.9118
0004;P2E_S1_C3.1;0013;0.9312;0.9857;0.8845
0004;P2E_S2_C1.2;0021;0.9961;1.0713;0.9373
0004;P2E_S4_C3.1;0006;0.9603;1.0298;0.8188
0004;P2E_S1_C1.2;0015;0.9529;1.0012;0.9049
0004;P2E_S4_C2.1;0029;1.0355;1.0879;0.9502
0004;P2L_S3_C1.1;0026;1.0119;1.0580;0.9662
0004;P1E_S1_C3;0016;1.0447;1.0717;1.0093
0004;P2L_S1_C1.1;0028;1.0498;1.1277;0.9794
0004;P1E_S4_C2;0019;0.9294;0.9743;0.9000
0004;P1E_S3_C2;0014;1.0340;1.1028;0.9432
0003;P1L_S1_C3;0017;1.0402;1.0671;1.0114
0003;P2L_S4_C2.2;0022;1.0185;1.0959;0.9313
0003;P2E_S2_C2.2;0002;0.9160;0.9779;0.8642
0003;P1E_S4_C2;0012;0.9433;1.0154;0.8688
0003;P2L_S3_C3.1;0017;0.9677;1.0431;0.9025
0003;P2E_S4_C1.2;0015;1.0246;1.1082;0.9562
0003;P1L_S4_C3;0015;1.0308;1.0847;0.9948
0003;P2E_S4_C3.1;0012;0.9667;1.0376;0.8850
0003;P2E_S2_C3.2;0021;0.9599;1.0423;0.8793
0003;P2E_S1_C1.2;0021;0.9583;1.0238;0.9012
0003;P2E_S2_C2.1;0018;1.0023;1.1051;0.8846
0003;P2E_S3_C1.2;0021;0.9569;1.0373;0.8755
0003;P2E_S3_C3.1;0028;0.9648;1.0434;0.9027
0003;P2E_S2_C1.2;0015;1.0447;1.0950;0.9681
0003;P2L_S3_C2.2;0015;1.0066;1.1238;0.9439
0003;P2E_S1_C2.1;0029;0.9959;1.0367;0.9565
0003;P2L_S4_C1.1;0023;0.9630;1.0344;0.8932
0003;P1L_S3_C3;0010;1.0859;1.1478;1.0250
0003;P2L_S1_C3.1;0016;1.0303;1.0698;0.9559
0003;P1L_S1_C2;0014;1.0902;1.1358;1.0422
0003;P2E_S3_C1.1;0030;0.9260;1.0132;0.8140
0003;P2L_S1_C1.1;0024;0.9386;0.9855;0.8838
0003;P2E_S4_C2.1;0028;0.9523;1.0210;0.8841
0003;P1L_S2_C2;0014;1.0956;1.1562;1.0489
0003;P2E_S2_C3.1;0004;0.9246;1.0080;0.8647
0003;P2E_S3_C3.2;0015;1.0662;1.1102;1.0253
0003;P2E_S4_C1.1;0029;1.0135;1.1079;0.9267
0003;P1E_S2_C1;0027;0.8891;0.9459;0.8283
0003;P2L_S3_C1.1;0026;0.9995;1.0774;0.9251
0003;P2L_S2_C3.2;0022;1.0071;1.0923;0.9276
0003;P2L_S2_C1.1;0002;0.9393;1.0060;0.8711
0003;P2L_S2_C3.1;0006;0.9599;1.0441;0.8685
0003;P2L_S3_C3.2;0015;1.0046;1.0543;0.9480
0003;P1L_S2_C1;0010;1.0765;1.1500;0.9862
0003;P2E_S1_C3.1;0027;0.8206;0.9366;0.7414
0003;P1E_S1_C2;0011;0.9835;1.0587;0.9137
0003;P2L_S1_C2.2;0021;0.9029;0.9729;0.8142
0003;P1L_S4_C1;0021;1.0114;1.1011;0.9405
0003;P2L_S2_C2.1;0020;0.9233;1.0608;0.8505
0003;P2L_S4_C3.2;0021;0.9197;0.9882;0.8600
0003;P2L_S4_C1.2;0015;0.9893;1.0818;0.9144
0003;P1E_S4_C1;0001;0.9818;1.0754;0.8949
0003;P1E_S2_C3;0026;1.0138;1.0928;0.9604
0003;P1E_S4_C3;0004;0.9142;1.0070;0.8609
0003;P1E_S1_C3;0012;0.9653;1.0241;0.9265
0003;P2E_S1_C2.2;0021;0.9439;1.0255;0.8102
0028;P2L_S2_C2.1;0013;0.9982;1.0727;0.9272
0028;P1L_S3_C1;0019;0.9181;0.9981;0.8214
0028;P2E_S1_C1.2;0015;1.0138;1.0995;0.9550
0028;P2E_S2_C3.1;0007;1.0029;1.0614;0.9584
0028;P2E_S4_C1.2;0003;0.8531;0.9516;0.7822
0028;P1E_S4_C1;0015;1.0786;1.1404;1.0146
0028;P2L_S4_C1.2;0003;0.9231;1.0414;0.8250
0028;P1E_S1_C3;0014;0.9177;0.9565;0.8824
0028;P2E_S4_C2.2;0003;0.8645;0.9537;0.7987
0028;P2E_S3_C3.2;0021;1.0194;1.0760;0.9721
0028;P1L_S1_C3;0013;1.0062;1.0315;0.9845
0028;P1E_S3_C3;0017;0.9347;0.9658;0.9068
0028;P1L_S2_C3;0019;0.9555;1.0007;0.8887
0028;P1E_S1_C1;0027;0.9373;1.0059;0.8993
0028;P2E_S4_C2.1;0019;0.9393;1.0266;0.8478
0028;P1E_S3_C2;0004;0.9326;0.9968;0.8710
0028;P2L_S4_C2.1;0006;1.0239;1.0792;0.9405
0028;P2L_S3_C2.2;0015;1.0104;1.0685;0.9295
0028;P1E_S4_C2;0007;1.0407;1.1144;0.9862
0028;P2L_S1_C1.2;0022;0.9547;1.0142;0.9139
0028;P1L_S4_C1;0005;0.9605;1.0242;0.8735
0028;P1L_S4_C3;0026;1.0491;1.0845;1.0156
0028;P2L_S2_C1.2;0003;0.9284;1.0134;0.8488
0028;P1E_S1_C2;0012;1.0585;1.0977;1.0275
0030;P2L_S1_C3.1;0019;1.0724;1.1329;0.9522
0030;P2E_S3_C1.2;0015;1.0239;1.1040;0.9603
0030;P1E_S2_C2;0014;1.0205;1.0744;0.9273
0030;P1E_S1_C1;0011;0.8849;0.9736;0.8440
0030;P2E_S2_C2.1;0025;0.9587;1.0238;0.8608
0030;P2E_S2_C3.2;0003;0.8468;0.9727;0.7584
0030;P2L_S1_C1.1;0005;0.9137;1.0339;0.8426
0030;P2E_S3_C1.1;0025;0.9861;1.0641;0.8538
0030;P2L_S2_C1.1;0025;0.9288;1.0119;0.8256
0030;P1L_S1_C2;0011;0.8994;0.9684;0.8432
0030;P1L_S4_C2;0011;0.9019;0.9931;0.8311
0030;P1E_S3_C3;0006;0.9813;1.0367;0.9421
0030;P1L_S2_C1;0018;1.0435;1.1199;0.9419
0030;P1E_S4_C3;0010;0.9587;0.9890;0.9238
0030;P2L_S2_C2.2;0021;0.8871;0.9683;0.7787
0030;P1E_S1_C3;0006;0.9286;0.9540;0.8966
0030;P2E_S2_C2.2;0022;0.9274;1.0279;0.8483
0030;P1L_S3_C2;0012;0.9874;1.0447;0.9331
0030;P1L_S3_C3;0005;0.9222;0.9665;0.8863
0030;P1E_S1_C2;0009;0.9815;1.0213;0.9427
0030;P2L_S2_C1.2;0003;0.8447;1.0051;0.7619
0030;P2L_S4_C1.2;0021;0.8955;0.9727;0.8207
0030;P2L_S4_C3.1;0026;0.9570;1.0246;0.8971
0030;P2L_S1_C2.1;0027;1.0599;1.1534;0.9154
0002;P2L_S2_C1.1;0018;0.9835;1.0517;0.8975
0002;P1L_S1_C3;0022;1.0190;1.0548;0.9731
0002;P2E_S2_C3.1;0018;0.9808;1.1176;0.8864
0002;P2E_S3_C3.2;0022;1.0715;1.1557;0.9622
0002;P2E_S4_C3.2;0022;1.0654;1.1418;0.9716
0002;P1E_S4_C1;0016;0.9862;1.0318;0.9473
0002;P2E_S3_C2.2;0021;0.9908;1.0359;0.9452
0002;P2L_S3_C3.2;0015;1.0668;1.1730;0.9974
0002;P1L_S4_C1;0001;1.0374;1.1016;0.9627
0002;P1E_S1_C2;0024;0.9799;1.0289;0.9241
0002;P2L_S1_C1.1;0018;0.9943;1.0635;0.9181
0002;P1L_S3_C3;0019;1.0211;1.1032;0.9609
0002;P2L_S4_C3.1;0011;1.0339;1.1397;0.9664
0002;P2E_S2_C1.1;0026;1.0588;1.1215;1.0171
0002;P2L_S2_C2.2;0015;1.0486;1.1661;0.9607
0002;P2E_S2_C2.1;0005;1.0427;1.1298;0.9774
0002;P2E_S2_C3.2;0022;1.0664;1.1315;1.0050
0002;P1E_S1_C1;0009;0.9418;0.9831;0.8963
0002;P1L_S1_C2;0019;1.0052;1.0678;0.9493
0002;P2L_S2_C1.2;0003;1.0019;1.0771;0.9296
0002;P1L_S2_C2;0003;1.0021;1.0523;0.9553
0002;P2L_S4_C2.2;0022;1.0383;1.1042;0.9601
0002;P1E_S2_C2;0027;0.9478;0.9614;0.9409
0002;P1E_S3_C2;0027;0.9588;1.0286;0.9096
0029;P2E_S1_C3.1;0023;1.0407;1.1220;0.9695
0029;P2L_S4_C1.2;0021;1.0429;1.1252;0.9803
0029;P2L_S2_C2.1;0007;0.9879;1.0391;0.9197
0029;P2L_S3_C1.2;0021;1.0430;1.1021;0.9944
0029;P1E_S1_C1;0018;1.1144;1.1471;1.0815
0029;P2E_S3_C2.2;0003;1.0457;1.1037;0.9687
0029;P2L_S1_C1.2;0015;0.9432;1.0163;0.8763
0029;P2E_S4_C2.1;0004;1.0143;1.0712;0.9560
0029;P2L_S1_C2.2;0022;0.9666;1.0771;0.9095
0029;P2E_S1_C2.2;0015;0.9941;1.0485;0.9210
0029;P2L_S1_C2.1;0012;1.0000;1.0585;0.9457
0029;P2L_S4_C2.2;0003;1.0300;1.1109;0.9573
0029;P2L_S2_C1.2;0021;1.0357;1.0979;0.9575
0029;P2L_S3_C2.2;0015;0.9476;1.0048;0.8571
0029;P2E_S3_C1.2;0015;0.9605;1.0448;0.9022
0029;P1L_S1_C2;0014;1.0407;1.1030;0.9605
0029;P2L_S2_C3.1;0005;1.0352;1.0982;0.9648
0029;P1L_S4_C1;0010;1.0131;1.1168;0.9291
0029;P1E_S3_C2;0007;0.9873;1.0449;0.9209
0029;P2L_S1_C3.2;0015;0.9851;1.0292;0.9490
0029;P2L_S1_C3.1;0011;0.9737;1.0886;0.8462
0029;P1E_S1_C2;0017;1.0484;1.1131;0.9579
0029;P2E_S2_C1.2;0021;1.0265;1.0801;0.9724
