VIDEO ID;PERSON ID;AVG;MAX;MIN
P1E_S1_C1;0005;0.2999;0.4167;0.2298
P1E_S1_C1;0013;0.2861;0.4133;0.2047
P1E_S1_C1;0015;0.4328;0.6848;0.2932
P1E_S1_C1;0016;0.2194;0.3632;0.1527
P1E_S1_C1;0017;0.2472;0.4216;0.1438
P1E_S1_C1;0019;0.2360;0.4212;0.1594
P1E_S1_C1;0021;0.3324;0.5179;0.2254
P1E_S1_C1;0024;0.2179;0.3117;0.1917
P1E_S1_C1;0025;0.2110;0.2812;0.1734
P1E_S1_C1;0022;0.2474;0.2947;0.1962
P1E_S1_C1;0023;0.2979;0.5987;0.1912
P1E_S1_C1;0018;0.2652;0.3435;0.2188
P1E_S1_C1;0001;0.3381;0.5869;0.2291
P1E_S1_C1;0012;0.2852;0.4516;0.1929
P1E_S1_C1;0010;0.2730;0.5440;0.1706
P1E_S1_C1;0006;0.3214;0.5907;0.2047
P1E_S1_C1;0009;0.2796;0.4010;0.2180
P1E_S1_C1;0026;0.3091;0.4897;0.2341
P1E_S1_C1;0027;0.2605;0.4172;0.2067
P1E_S1_C1;0007;0.3796;0.5105;0.2883
P1E_S1_C1;0020;0.3797;0.5403;0.2663
P1E_S1_C1;0011;0.3012;0.4426;0.1993
P1E_S1_C1;0014;0.3469;0.5745;0.2342
P1E_S1_C1;0004;0.3867;0.7224;0.2473
P1E_S1_C2;0005;0.3012;0.4433;0.2285
P1E_S1_C2;0013;0.3002;0.4577;0.2227
P1E_S1_C2;0015;0.3984;0.5895;0.3017
P1E_S1_C2;0016;0.2308;0.3625;0.1773
P1E_S1_C2;0017;0.2666;0.4048;0.1846
P1E_S1_C2;0019;0.2618;0.5536;0.1832
P1E_S1_C2;0021;0.3462;0.5893;0.2722
P1E_S1_C2;0024;0.2728;0.3752;0.2221
P1E_S1_C2;0025;0.2532;0.5093;0.1588
P1E_S1_C2;0022;0.2897;0.3388;0.2637
P1E_S1_C2;0023;0.3303;0.4753;0.2374
P1E_S1_C2;0018;0.2842;0.3332;0.2380
P1E_S1_C2;0001;0.3185;0.4988;0.2165
P1E_S1_C2;0012;0.2884;0.3701;0.2340
P1E_S1_C2;0010;0.2499;0.4465;0.1548
P1E_S1_C2;0006;0.2886;0.5281;0.2199
P1E_S1_C2;0009;0.3171;0.3911;0.2624
P1E_S1_C2;0026;0.2783;0.4384;0.2141
P1E_S1_C2;0027;0.2734;0.3339;0.2290
P1E_S1_C2;0007;0.3962;0.4789;0.3239
P1E_S1_C2;0020;0.4626;0.5872;0.3735
P1E_S1_C2;0011;0.3160;0.4588;0.2057
P1E_S1_C2;0014;0.3173;0.4147;0.2425
P1E_S1_C2;0004;0.3509;0.5750;0.2236
P1E_S1_C3;0003;0.3195;0.3915;0.2553
P1E_S1_C3;0005;0.3693;0.4428;0.3370
P1E_S1_C3;0013;0.3792;0.4342;0.3460
P1E_S1_C3;0015;0.3852;0.4198;0.3607
P1E_S1_C3;0016;0.2619;0.2986;0.2237
P1E_S1_C3;0017;0.3479;0.4167;0.3163
P1E_S1_C3;0019;0.2773;0.3094;0.2539
P1E_S1_C3;0021;0.4115;0.4580;0.3782
P1E_S1_C3;0024;0.3321;0.3677;0.2953
P1E_S1_C3;0025;0.2667;0.3262;0.2155
P1E_S1_C3;0023;0.4439;0.4717;0.4034
P1E_S1_C3;0018;0.3630;0.4088;0.3327
P1E_S1_C3;0001;0.3736;0.4391;0.3131
P1E_S1_C3;0012;0.3510;0.4326;0.2954
P1E_S1_C3;0010;0.3196;0.3696;0.2699
P1E_S1_C3;0006;0.3271;0.3657;0.2840
P1E_S1_C3;0009;0.4156;0.4513;0.3823
P1E_S1_C3;0026;0.2692;0.3029;0.2364
P1E_S1_C3;0027;0.3286;0.3996;0.2765
P1E_S1_C3;0007;0.4278;0.4636;0.3702
P1E_S1_C3;0020;0.5220;0.5830;0.4733
P1E_S1_C3;0011;0.3686;0.4089;0.3171
P1E_S1_C3;0014;0.4030;0.4665;0.3499
P1E_S1_C3;0004;0.4003;0.4876;0.3023
P1E_S2_C1;0009;0.2721;0.3880;0.2022
P1E_S2_C1;0003;0.2871;0.4836;0.1770
P1E_S2_C1;0017;0.2808;0.5020;0.1589
P1E_S2_C1;0005;0.2892;0.4474;0.2406
P1E_S2_C1;0015;0.4223;0.5878;0.2893
P1E_S2_C1;0024;0.2712;0.5022;0.1821
P1E_S2_C1;0022;0.3501;0.6138;0.2075
P1E_S2_C1;0019;0.2510;0.4632;0.1960
P1E_S2_C1;0021;0.3301;0.4812;0.2395
P1E_S2_C1;0025;0.2697;0.5495;0.1912
P1E_S2_C1;0023;0.2992;0.5123;0.2246
P1E_S2_C1;0026;0.3167;0.5429;0.2286
P1E_S2_C1;0027;0.2419;0.3491;0.1599
P1E_S2_C1;0013;0.2597;0.4617;0.1488
P1E_S2_C1;0020;0.3256;0.4880;0.2347
P1E_S2_C1;0007;0.3953;0.5556;0.2728
P1E_S2_C1;0010;0.3567;0.5275;0.2329
P1E_S2_C1;0006;0.3632;0.5667;0.2383
P1E_S2_C1;0011;0.3576;0.5252;0.1907
P1E_S2_C1;0018;0.3851;0.6801;0.2340
P1E_S2_C1;0001;0.3448;0.5522;0.2078
P1E_S2_C1;0004;0.4092;0.7677;0.2345
P1E_S2_C1;0012;0.3159;0.4305;0.2276
P1E_S2_C1;0014;0.4366;0.6440;0.2653
P1E_S2_C2;0009;0.2309;0.3522;0.1672
P1E_S2_C2;0003;0.2533;0.4885;0.1749
P1E_S2_C2;0017;0.2193;0.4461;0.1349
P1E_S2_C2;0005;0.2569;0.3984;0.2055
P1E_S2_C2;0015;0.3580;0.5717;0.2747
P1E_S2_C2;0024;0.2493;0.4981;0.1578
P1E_S2_C2;0022;0.2692;0.4431;0.1835
P1E_S2_C2;0019;0.2007;0.4196;0.1423
P1E_S2_C2;0021;0.2937;0.4554;0.2123
P1E_S2_C2;0025;0.2290;0.4072;0.1743
P1E_S2_C2;0023;0.2894;0.4547;0.1960
P1E_S2_C2;0026;0.2804;0.4061;0.2258
P1E_S2_C2;0027;0.1929;0.2063;0.1793
P1E_S2_C2;0013;0.2245;0.4484;0.1476
P1E_S2_C2;0020;0.3066;0.4843;0.1807
P1E_S2_C2;0007;0.3381;0.5139;0.2393
P1E_S2_C2;0010;0.2400;0.3452;0.1865
P1E_S2_C2;0006;0.2822;0.5130;0.2030
P1E_S2_C2;0011;0.2942;0.5236;0.1850
P1E_S2_C2;0018;0.2849;0.4875;0.2068
P1E_S2_C2;0001;0.2696;0.4970;0.1688
P1E_S2_C2;0004;0.3132;0.5198;0.2142
P1E_S2_C2;0012;0.2500;0.3765;0.1724
P1E_S2_C2;0014;0.3266;0.4899;0.2284
P1E_S2_C3;0009;0.2639;0.3366;0.1944
P1E_S2_C3;0003;0.2634;0.3291;0.2097
P1E_S2_C3;0017;0.2487;0.3460;0.2116
P1E_S2_C3;0005;0.3107;0.3701;0.2734
P1E_S2_C3;0015;0.3526;0.4787;0.2725
P1E_S2_C3;0024;0.2801;0.3255;0.2213
P1E_S2_C3;0022;0.3057;0.3777;0.2537
P1E_S2_C3;0019;0.2260;0.2672;0.1888
P1E_S2_C3;0021;0.3326;0.4301;0.2493
P1E_S2_C3;0025;0.2532;0.3443;0.1939
P1E_S2_C3;0023;0.4238;0.5227;0.3452
P1E_S2_C3;0026;0.2581;0.2951;0.2174
P1E_S2_C3;0016;0.2540;0.3012;0.2201
P1E_S2_C3;0013;0.2600;0.3596;0.2191
P1E_S2_C3;0020;0.3223;0.4587;0.2302
P1E_S2_C3;0007;0.3959;0.5069;0.3248
P1E_S2_C3;0010;0.3025;0.4376;0.2543
P1E_S2_C3;0006;0.2882;0.4292;0.2222
P1E_S2_C3;0011;0.3115;0.4695;0.2375
P1E_S2_C3;0018;0.3008;0.3751;0.2566
P1E_S2_C3;0001;0.3089;0.4223;0.2481
P1E_S2_C3;0004;0.3216;0.3711;0.2863
P1E_S2_C3;0012;0.2627;0.3094;0.2308
P1E_S2_C3;0014;0.3318;0.4167;0.2676
P1E_S3_C1;0015;0.4747;0.7036;0.3486
P1E_S3_C1;0005;0.3368;0.4195;0.2743
P1E_S3_C1;0003;0.3269;0.5576;0.2129
P1E_S3_C1;0019;0.3264;0.5086;0.2178
P1E_S3_C1;0021;0.3330;0.5001;0.2117
P1E_S3_C1;0017;0.3522;0.5501;0.2271
P1E_S3_C1;0016;0.3105;0.4468;0.2059
P1E_S3_C1;0013;0.2944;0.4705;0.2072
P1E_S3_C1;0009;0.2904;0.4414;0.2224
P1E_S3_C1;0026;0.3872;0.5248;0.3030
P1E_S3_C1;0027;0.2506;0.4563;0.1817
P1E_S3_C1;0014;0.4329;0.5921;0.2656
P1E_S3_C1;0011;0.3808;0.5217;0.2507
P1E_S3_C1;0001;0.3700;0.5512;0.2216
P1E_S3_C1;0010;0.3775;0.5379;0.2911
P1E_S3_C1;0012;0.3534;0.5074;0.2653
P1E_S3_C1;0020;0.4868;0.6398;0.3943
P1E_S3_C1;0024;0.3781;0.5896;0.2033
P1E_S3_C1;0023;0.3739;0.5736;0.2251
P1E_S3_C1;0022;0.3365;0.5056;0.2093
P1E_S3_C1;0025;0.3955;0.6792;0.2329
P1E_S3_C1;0018;0.3891;0.6090;0.3032
P1E_S3_C1;0006;0.4557;0.7167;0.2945
P1E_S3_C1;0004;0.4756;0.7136;0.2733
P1E_S3_C1;0007;0.4558;0.6069;0.3162
P1E_S3_C2;0015;0.3787;0.5855;0.2644
P1E_S3_C2;0005;0.2666;0.3870;0.2239
P1E_S3_C2;0003;0.2591;0.4545;0.1552
P1E_S3_C2;0019;0.2662;0.4297;0.1979
P1E_S3_C2;0021;0.2614;0.4091;0.2071
P1E_S3_C2;0017;0.2544;0.5380;0.1572
P1E_S3_C2;0016;0.2659;0.4087;0.1799
P1E_S3_C2;0013;0.2323;0.4229;0.1579
P1E_S3_C2;0009;0.2425;0.3411;0.2001
P1E_S3_C2;0026;0.3370;0.4281;0.2801
P1E_S3_C2;0027;0.2008;0.2802;0.1535
P1E_S3_C2;0014;0.3307;0.5236;0.2259
P1E_S3_C2;0011;0.3043;0.4555;0.1977
P1E_S3_C2;0001;0.2845;0.4851;0.1792
P1E_S3_C2;0010;0.2775;0.3876;0.2317
P1E_S3_C2;0012;0.3028;0.4199;0.2396
P1E_S3_C2;0020;0.4172;0.5065;0.3493
P1E_S3_C2;0024;0.2920;0.5892;0.1831
P1E_S3_C2;0023;0.2991;0.5583;0.2185
P1E_S3_C2;0022;0.2640;0.3651;0.2053
P1E_S3_C2;0025;0.2892;0.5489;0.2158
P1E_S3_C2;0018;0.3250;0.4214;0.2712
P1E_S3_C2;0006;0.3331;0.5478;0.2417
P1E_S3_C2;0004;0.3578;0.5274;0.2318
P1E_S3_C2;0007;0.3450;0.5437;0.2508
P1E_S3_C3;0015;0.3562;0.4569;0.2964
P1E_S3_C3;0005;0.2223;0.2800;0.1888
P1E_S3_C3;0003;0.2129;0.2964;0.1498
P1E_S3_C3;0019;0.2081;0.3131;0.1639
P1E_S3_C3;0021;0.2392;0.3448;0.1786
P1E_S3_C3;0017;0.2017;0.3514;0.1330
P1E_S3_C3;0016;0.2322;0.2743;0.1995
P1E_S3_C3;0013;0.2241;0.3904;0.1676
P1E_S3_C3;0009;0.2206;0.2744;0.1811
P1E_S3_C3;0026;0.2768;0.3539;0.2351
P1E_S3_C3;0027;0.1756;0.1992;0.1526
P1E_S3_C3;0014;0.2644;0.4227;0.2040
P1E_S3_C3;0011;0.2824;0.4265;0.1769
P1E_S3_C3;0001;0.2272;0.4020;0.1533
P1E_S3_C3;0010;0.2284;0.2831;0.1716
P1E_S3_C3;0012;0.2589;0.2991;0.2340
P1E_S3_C3;0020;0.4114;0.5433;0.3287
P1E_S3_C3;0024;0.2470;0.4420;0.1624
P1E_S3_C3;0023;0.3483;0.4532;0.3069
P1E_S3_C3;0022;0.2937;0.3573;0.2652
P1E_S3_C3;0025;0.2609;0.3439;0.2187
P1E_S3_C3;0018;0.3051;0.3531;0.2758
P1E_S3_C3;0006;0.2782;0.3922;0.2211
P1E_S3_C3;0004;0.2812;0.3736;0.2208
P1E_S3_C3;0007;0.2948;0.4321;0.2285
P1E_S4_C1;0017;0.3107;0.5124;0.1588
P1E_S4_C1;0019;0.2894;0.4506;0.1876
P1E_S4_C1;0021;0.3309;0.4791;0.2172
P1E_S4_C1;0015;0.5217;0.7832;0.3632
P1E_S4_C1;0025;0.3578;0.5797;0.1756
P1E_S4_C1;0005;0.3017;0.4658;0.2270
P1E_S4_C1;0003;0.2574;0.4601;0.1433
P1E_S4_C1;0013;0.2862;0.4059;0.1877
P1E_S4_C1;0007;0.3505;0.5111;0.2411
P1E_S4_C1;0020;0.3870;0.5139;0.2545
P1E_S4_C1;0012;0.3176;0.4863;0.2121
P1E_S4_C1;0018;0.3929;0.6569;0.2894
P1E_S4_C1;0024;0.2828;0.4879;0.1604
P1E_S4_C1;0023;0.3567;0.5378;0.2150
P1E_S4_C1;0022;0.3233;0.5480;0.2107
P1E_S4_C1;0010;0.2910;0.4897;0.2121
P1E_S4_C1;0001;0.3398;0.5809;0.2103
P1E_S4_C1;0009;0.3075;0.4569;0.2132
P1E_S4_C1;0006;0.3728;0.5912;0.2196
P1E_S4_C1;0026;0.3587;0.5428;0.2444
P1E_S4_C1;0027;0.2580;0.3831;0.1684
P1E_S4_C1;0016;0.2775;0.4411;0.1962
P1E_S4_C1;0011;0.3449;0.5289;0.1835
P1E_S4_C1;0014;0.3842;0.5679;0.2485
P1E_S4_C1;0004;0.4449;0.7258;0.2683
P1E_S4_C2;0017;0.2586;0.4327;0.1710
P1E_S4_C2;0019;0.2448;0.4450;0.1617
P1E_S4_C2;0021;0.3359;0.5268;0.2456
P1E_S4_C2;0015;0.4387;0.6242;0.3554
P1E_S4_C2;0025;0.3179;0.5965;0.1792
P1E_S4_C2;0005;0.2698;0.4359;0.2129
P1E_S4_C2;0003;0.2401;0.3967;0.1713
P1E_S4_C2;0013;0.2745;0.4355;0.1911
P1E_S4_C2;0007;0.3203;0.4690;0.2256
P1E_S4_C2;0020;0.3499;0.4629;0.2346
P1E_S4_C2;0012;0.2719;0.3931;0.2037
P1E_S4_C2;0018;0.3235;0.4456;0.2741
P1E_S4_C2;0024;0.2601;0.4111;0.1928
P1E_S4_C2;0023;0.3714;0.5886;0.2504
P1E_S4_C2;0022;0.2813;0.3704;0.2297
P1E_S4_C2;0010;0.2464;0.3698;0.1718
P1E_S4_C2;0001;0.2809;0.4985;0.1914
P1E_S4_C2;0009;0.2588;0.3951;0.1994
P1E_S4_C2;0006;0.2862;0.4214;0.2152
P1E_S4_C2;0026;0.3083;0.4860;0.2361
P1E_S4_C2;0027;0.2561;0.3618;0.1891
P1E_S4_C2;0016;0.2519;0.3884;0.2038
P1E_S4_C2;0011;0.3004;0.5014;0.1829
P1E_S4_C2;0014;0.3292;0.5040;0.2388
P1E_S4_C2;0004;0.3694;0.6396;0.2604
P1E_S4_C3;0017;0.3306;0.4333;0.2827
P1E_S4_C3;0019;0.2697;0.3006;0.2285
P1E_S4_C3;0021;0.3893;0.4639;0.3432
P1E_S4_C3;0015;0.4335;0.4916;0.3560
P1E_S4_C3;0025;0.2872;0.4878;0.2262
P1E_S4_C3;0005;0.3553;0.4314;0.2827
P1E_S4_C3;0003;0.3178;0.3986;0.2727
P1E_S4_C3;0013;0.3259;0.3982;0.2545
P1E_S4_C3;0007;0.3786;0.4723;0.3252
P1E_S4_C3;0020;0.4202;0.4815;0.3731
P1E_S4_C3;0012;0.3147;0.3506;0.2815
P1E_S4_C3;0018;0.3977;0.4867;0.3233
P1E_S4_C3;0024;0.3072;0.3516;0.2754
P1E_S4_C3;0023;0.4744;0.5584;0.4149
P1E_S4_C3;0022;0.3482;0.3918;0.3167
P1E_S4_C3;0010;0.3196;0.3903;0.2479
P1E_S4_C3;0001;0.3331;0.4177;0.2874
P1E_S4_C3;0009;0.3234;0.5041;0.2284
P1E_S4_C3;0006;0.3228;0.3742;0.2728
P1E_S4_C3;0026;0.2792;0.3667;0.2305
P1E_S4_C3;0027;0.2969;0.3714;0.2450
P1E_S4_C3;0016;0.2965;0.3634;0.2483
P1E_S4_C3;0011;0.3105;0.4024;0.2327
P1E_S4_C3;0014;0.3675;0.4204;0.3236
P1E_S4_C3;0004;0.4024;0.5849;0.3212
P1L_S1_C1;0014;0.3895;0.5921;0.2686
P1L_S1_C1;0020;0.2868;0.4650;0.1680
P1L_S1_C1;0006;0.3311;0.5325;0.2076
P1L_S1_C1;0011;0.2829;0.4155;0.1675
P1L_S1_C1;0005;0.2475;0.3289;0.1472
P1L_S1_C1;0027;0.2886;0.3829;0.1876
P1L_S1_C1;0026;0.3121;0.4624;0.2293
P1L_S1_C1;0018;0.3766;0.4813;0.2555
P1L_S1_C1;0009;0.3110;0.3949;0.2313
P1L_S1_C1;0021;0.2986;0.4128;0.1828
P1L_S1_C1;0019;0.2946;0.4846;0.1690
P1L_S1_C1;0007;0.3093;0.4314;0.2039
P1L_S1_C1;0012;0.3143;0.4218;0.2383
P1L_S1_C1;0015;0.4315;0.5550;0.3194
P1L_S1_C1;0017;0.2252;0.3416;0.1126
P1L_S1_C1;0016;0.2576;0.3481;0.1699
P1L_S1_C1;0013;0.2513;0.3933;0.1588
P1L_S1_C1;0004;0.3765;0.4849;0.2610
P1L_S1_C1;0001;0.2895;0.4254;0.1812
P1L_S1_C1;0003;0.2587;0.3956;0.1369
P1L_S1_C1;0022;0.3476;0.4926;0.2574
P1L_S1_C1;0010;0.3077;0.4016;0.1823
P1L_S1_C1;0024;0.2606;0.4492;0.1499
P1L_S1_C1;0025;0.3092;0.4768;0.1844
P1L_S1_C1;0023;0.3258;0.4776;0.1753
P1L_S1_C2;0014;0.3492;0.5185;0.2259
P1L_S1_C2;0020;0.3309;0.4919;0.2330
P1L_S1_C2;0006;0.3267;0.4434;0.2202
P1L_S1_C2;0011;0.3021;0.4502;0.2067
P1L_S1_C2;0005;0.2781;0.3697;0.1785
P1L_S1_C2;0027;0.2905;0.3570;0.1788
P1L_S1_C2;0026;0.2976;0.4209;0.2164
P1L_S1_C2;0018;0.4095;0.5258;0.2769
P1L_S1_C2;0009;0.2975;0.3799;0.2307
P1L_S1_C2;0021;0.3154;0.4262;0.2262
P1L_S1_C2;0019;0.2929;0.3915;0.1690
P1L_S1_C2;0007;0.3345;0.4908;0.2600
P1L_S1_C2;0012;0.3121;0.4298;0.2208
P1L_S1_C2;0015;0.4534;0.6545;0.3675
P1L_S1_C2;0017;0.2542;0.4268;0.1993
P1L_S1_C2;0016;0.2697;0.3199;0.1961
P1L_S1_C2;0013;0.2631;0.4591;0.1768
P1L_S1_C2;0004;0.4178;0.5392;0.2847
P1L_S1_C2;0001;0.3132;0.4889;0.2221
P1L_S1_C2;0003;0.2990;0.4029;0.1948
P1L_S1_C2;0022;0.3384;0.5303;0.2527
P1L_S1_C2;0010;0.3038;0.3672;0.2072
P1L_S1_C2;0024;0.2741;0.3969;0.1739
P1L_S1_C2;0025;0.3000;0.4703;0.1948
P1L_S1_C2;0023;0.3481;0.4643;0.2252
P1L_S1_C3;0014;0.4025;0.5441;0.3604
P1L_S1_C3;0020;0.3779;0.4301;0.3350
P1L_S1_C3;0006;0.3722;0.4124;0.3242
P1L_S1_C3;0011;0.3473;0.4138;0.3037
P1L_S1_C3;0005;0.3011;0.3556;0.2515
P1L_S1_C3;0027;0.3485;0.4296;0.2898
P1L_S1_C3;0026;0.3052;0.4240;0.2460
P1L_S1_C3;0018;0.4523;0.5343;0.3892
P1L_S1_C3;0009;0.3665;0.4849;0.2935
P1L_S1_C3;0021;0.3966;0.4565;0.3461
P1L_S1_C3;0019;0.3304;0.4337;0.2690
P1L_S1_C3;0007;0.3838;0.4340;0.3331
P1L_S1_C3;0012;0.3532;0.4789;0.2993
P1L_S1_C3;0015;0.5180;0.5968;0.4532
P1L_S1_C3;0017;0.3193;0.3529;0.2700
P1L_S1_C3;0016;0.3537;0.4861;0.2718
P1L_S1_C3;0013;0.2916;0.3335;0.2591
P1L_S1_C3;0004;0.4904;0.5758;0.3967
P1L_S1_C3;0001;0.3563;0.4874;0.2835
P1L_S1_C3;0003;0.3376;0.4144;0.2455
P1L_S1_C3;0022;0.3556;0.4161;0.3017
P1L_S1_C3;0010;0.3663;0.3944;0.3421
P1L_S1_C3;0024;0.2917;0.3214;0.2665
P1L_S1_C3;0025;0.3433;0.4114;0.2890
P1L_S1_C3;0023;0.4003;0.4646;0.3465
P1L_S2_C1;0014;0.4390;0.7310;0.2906
P1L_S2_C1;0020;0.3968;0.5670;0.2996
P1L_S2_C1;0003;0.2875;0.5093;0.1676
P1L_S2_C1;0005;0.2921;0.4220;0.2106
P1L_S2_C1;0011;0.3084;0.5705;0.1964
P1L_S2_C1;0021;0.3199;0.4737;0.2458
P1L_S2_C1;0012;0.3627;0.4788;0.2680
P1L_S2_C1;0027;0.2822;0.3824;0.1955
P1L_S2_C1;0026;0.3466;0.4685;0.2393
P1L_S2_C1;0019;0.3091;0.4818;0.1956
P1L_S2_C1;0016;0.2621;0.3414;0.2184
P1L_S2_C1;0007;0.3468;0.4602;0.2607
P1L_S2_C1;0013;0.2801;0.4169;0.2219
P1L_S2_C1;0001;0.3110;0.4705;0.1883
P1L_S2_C1;0017;0.2766;0.3937;0.1896
P1L_S2_C1;0018;0.3737;0.5070;0.2301
P1L_S2_C1;0015;0.4890;0.6180;0.4091
P1L_S2_C1;0010;0.3517;0.5630;0.2191
P1L_S2_C1;0006;0.4012;0.6188;0.2644
P1L_S2_C1;0009;0.3301;0.4264;0.2559
P1L_S2_C1;0004;0.4108;0.6209;0.2872
P1L_S2_C1;0024;0.3006;0.5290;0.2096
P1L_S2_C1;0022;0.3367;0.4216;0.2587
P1L_S2_C1;0025;0.3763;0.5757;0.2326
P1L_S2_C1;0023;0.3265;0.4750;0.1885
P1L_S2_C2;0014;0.3516;0.6031;0.2439
P1L_S2_C2;0020;0.3851;0.5734;0.2586
P1L_S2_C2;0003;0.2779;0.4101;0.1697
P1L_S2_C2;0005;0.2557;0.3989;0.1524
P1L_S2_C2;0011;0.2798;0.4489;0.1531
P1L_S2_C2;0021;0.2832;0.4235;0.1752
P1L_S2_C2;0012;0.3420;0.4695;0.2415
P1L_S2_C2;0027;0.2665;0.3988;0.1613
P1L_S2_C2;0026;0.3243;0.4548;0.2357
P1L_S2_C2;0019;0.2742;0.4042;0.1412
P1L_S2_C2;0016;0.2700;0.3593;0.2064
P1L_S2_C2;0007;0.3042;0.5349;0.1927
P1L_S2_C2;0013;0.2614;0.4696;0.1541
P1L_S2_C2;0001;0.3349;0.5201;0.1937
P1L_S2_C2;0017;0.2504;0.4168;0.1393
P1L_S2_C2;0018;0.3706;0.5270;0.2490
P1L_S2_C2;0015;0.4712;0.6129;0.3435
P1L_S2_C2;0010;0.2900;0.3652;0.2310
P1L_S2_C2;0006;0.3606;0.4933;0.2616
P1L_S2_C2;0009;0.3188;0.4244;0.2172
P1L_S2_C2;0004;0.4176;0.6559;0.2867
P1L_S2_C2;0024;0.2850;0.4430;0.1810
P1L_S2_C2;0022;0.3161;0.3872;0.2312
P1L_S2_C2;0025;0.3211;0.4801;0.2042
P1L_S2_C2;0023;0.3312;0.5548;0.1769
P1L_S2_C3;0014;0.3500;0.5434;0.2597
P1L_S2_C3;0020;0.3891;0.4953;0.3266
P1L_S2_C3;0003;0.2911;0.4193;0.2095
P1L_S2_C3;0005;0.2591;0.4066;0.1985
P1L_S2_C3;0011;0.2688;0.4493;0.2027
P1L_S2_C3;0021;0.3181;0.5556;0.2261
P1L_S2_C3;0012;0.3385;0.4237;0.2814
P1L_S2_C3;0027;0.2908;0.3648;0.2176
P1L_S2_C3;0026;0.3256;0.4260;0.2548
P1L_S2_C3;0019;0.2645;0.3375;0.1986
P1L_S2_C3;0016;0.3068;0.4204;0.2462
P1L_S2_C3;0007;0.3161;0.4133;0.2565
P1L_S2_C3;0013;0.2416;0.3096;0.1839
P1L_S2_C3;0001;0.3380;0.4517;0.2469
P1L_S2_C3;0017;0.2656;0.3480;0.1792
P1L_S2_C3;0018;0.3690;0.4756;0.2814
P1L_S2_C3;0015;0.4380;0.6079;0.3666
P1L_S2_C3;0010;0.3269;0.4305;0.2523
P1L_S2_C3;0006;0.4074;0.4999;0.3318
P1L_S2_C3;0009;0.3413;0.4704;0.2618
P1L_S2_C3;0004;0.4362;0.5268;0.3262
P1L_S2_C3;0024;0.2708;0.3674;0.1862
P1L_S2_C3;0022;0.3515;0.5367;0.2559
P1L_S2_C3;0025;0.3126;0.4092;0.2431
P1L_S2_C3;0023;0.3660;0.4355;0.3006
P1L_S3_C1;0003;0.3239;0.5129;0.2301
P1L_S3_C1;0013;0.3029;0.4126;0.2351
P1L_S3_C1;0020;0.4468;0.6616;0.3488
P1L_S3_C1;0006;0.4271;0.6158;0.3091
P1L_S3_C1;0019;0.3275;0.5414;0.2340
P1L_S3_C1;0011;0.3465;0.4518;0.2456
P1L_S3_C1;0021;0.3269;0.4715;0.2449
P1L_S3_C1;0024;0.3134;0.4592;0.2378
P1L_S3_C1;0023;0.3507;0.4865;0.2449
P1L_S3_C1;0022;0.3608;0.4596;0.2891
P1L_S3_C1;0025;0.3724;0.5699;0.2254
P1L_S3_C1;0010;0.3283;0.3984;0.2469
P1L_S3_C1;0018;0.4111;0.6803;0.2759
P1L_S3_C1;0016;0.2914;0.3818;0.2303
P1L_S3_C1;0026;0.3280;0.4665;0.2263
P1L_S3_C1;0027;0.4536;0.7733;0.2460
P1L_S3_C1;0015;0.4544;0.6703;0.3604
P1L_S3_C1;0005;0.3172;0.3892;0.2679
P1L_S3_C1;0009;0.3261;0.4915;0.2462
P1L_S3_C1;0007;0.3817;0.4946;0.2906
P1L_S3_C1;0012;0.3242;0.3777;0.2547
P1L_S3_C1;0004;0.4232;0.7377;0.2484
P1L_S3_C1;0014;0.4169;0.5603;0.3069
P1L_S3_C1;0017;0.3114;0.4775;0.2255
P1L_S3_C1;0001;0.3109;0.4665;0.2349
P1L_S3_C2;0003;0.3093;0.4945;0.2113
P1L_S3_C2;0013;0.2737;0.4724;0.1970
P1L_S3_C2;0020;0.4184;0.6000;0.3421
P1L_S3_C2;0006;0.3795;0.4907;0.3105
P1L_S3_C2;0019;0.2987;0.5489;0.1815
P1L_S3_C2;0011;0.3266;0.4733;0.2126
P1L_S3_C2;0021;0.2881;0.4167;0.2112
P1L_S3_C2;0024;0.2877;0.4875;0.1787
P1L_S3_C2;0023;0.3246;0.4772;0.2006
P1L_S3_C2;0022;0.3386;0.4745;0.2334
P1L_S3_C2;0025;0.3172;0.5172;0.2089
P1L_S3_C2;0010;0.3059;0.4212;0.2058
P1L_S3_C2;0018;0.3728;0.5426;0.2119
P1L_S3_C2;0016;0.2683;0.3369;0.2172
P1L_S3_C2;0026;0.3292;0.4769;0.2217
P1L_S3_C2;0027;0.3977;0.7516;0.2295
P1L_S3_C2;0015;0.4185;0.5756;0.2983
P1L_S3_C2;0005;0.2895;0.3950;0.2040
P1L_S3_C2;0009;0.2768;0.3573;0.2096
P1L_S3_C2;0007;0.3473;0.5149;0.2332
P1L_S3_C2;0012;0.3092;0.3705;0.2390
P1L_S3_C2;0004;0.4436;0.7692;0.2368
P1L_S3_C2;0014;0.3922;0.5329;0.2919
P1L_S3_C2;0017;0.2861;0.4992;0.1981
P1L_S3_C2;0001;0.3206;0.5718;0.1859
P1L_S3_C3;0003;0.2348;0.3749;0.1643
P1L_S3_C3;0013;0.2254;0.2900;0.1650
P1L_S3_C3;0020;0.3567;0.4862;0.2971
P1L_S3_C3;0006;0.3936;0.4707;0.3388
P1L_S3_C3;0019;0.2506;0.3557;0.1624
P1L_S3_C3;0011;0.2782;0.3849;0.2141
P1L_S3_C3;0021;0.2730;0.4054;0.2150
P1L_S3_C3;0024;0.2360;0.3174;0.1577
P1L_S3_C3;0023;0.3211;0.4906;0.2052
P1L_S3_C3;0022;0.3194;0.4005;0.2732
P1L_S3_C3;0025;0.2915;0.4079;0.2177
P1L_S3_C3;0010;0.2820;0.5012;0.2250
P1L_S3_C3;0018;0.3357;0.4608;0.2559
P1L_S3_C3;0016;0.2726;0.3722;0.1761
P1L_S3_C3;0026;0.2913;0.3888;0.1867
P1L_S3_C3;0027;0.2789;0.3947;0.2262
P1L_S3_C3;0015;0.3981;0.5240;0.3091
P1L_S3_C3;0005;0.2394;0.2957;0.2036
P1L_S3_C3;0009;0.2714;0.3352;0.2253
P1L_S3_C3;0007;0.2796;0.3846;0.2181
P1L_S3_C3;0012;0.2706;0.3366;0.2301
P1L_S3_C3;0004;0.3709;0.4980;0.2971
P1L_S3_C3;0014;0.3813;0.4837;0.3147
P1L_S3_C3;0017;0.2301;0.3402;0.1839
P1L_S3_C3;0001;0.2893;0.4444;0.2107
P1L_S4_C1;0020;0.3766;0.5523;0.2107
P1L_S4_C1;0014;0.4085;0.6510;0.2510
P1L_S4_C1;0003;0.2803;0.5634;0.1622
P1L_S4_C1;0005;0.2872;0.4969;0.1920
P1L_S4_C1;0011;0.3232;0.5456;0.1636
P1L_S4_C1;0022;0.3309;0.4401;0.2304
P1L_S4_C1;0021;0.3319;0.6525;0.2136
P1L_S4_C1;0013;0.2552;0.4341;0.1628
P1L_S4_C1;0016;0.2554;0.3284;0.1972
P1L_S4_C1;0018;0.3710;0.5162;0.1949
P1L_S4_C1;0023;0.3459;0.5154;0.1871
P1L_S4_C1;0024;0.2654;0.3826;0.1889
P1L_S4_C1;0025;0.3454;0.5945;0.1820
P1L_S4_C1;0027;0.3368;0.6124;0.1984
P1L_S4_C1;0026;0.3523;0.4964;0.2210
P1L_S4_C1;0015;0.4084;0.5443;0.2726
P1L_S4_C1;0010;0.3146;0.4814;0.1846
P1L_S4_C1;0012;0.2912;0.3752;0.2104
P1L_S4_C1;0009;0.3048;0.4828;0.2346
P1L_S4_C1;0019;0.2891;0.5491;0.1438
P1L_S4_C1;0007;0.3193;0.5329;0.1836
P1L_S4_C1;0006;0.4008;0.5803;0.2565
P1L_S4_C1;0017;0.2614;0.4783;0.1590
P1L_S4_C1;0001;0.3055;0.5605;0.1721
P1L_S4_C1;0004;0.3795;0.5183;0.2518
P1L_S4_C2;0020;0.3625;0.5270;0.2054
P1L_S4_C2;0014;0.3602;0.6342;0.2024
P1L_S4_C2;0003;0.2719;0.4092;0.1409
P1L_S4_C2;0005;0.2594;0.3838;0.1800
P1L_S4_C2;0011;0.2743;0.4045;0.1414
P1L_S4_C2;0022;0.3421;0.4399;0.2486
P1L_S4_C2;0021;0.2816;0.4001;0.1672
P1L_S4_C2;0013;0.2615;0.4341;0.1486
P1L_S4_C2;0016;0.2531;0.3485;0.1897
P1L_S4_C2;0018;0.3667;0.5234;0.2222
P1L_S4_C2;0023;0.3370;0.5472;0.1779
P1L_S4_C2;0024;0.2751;0.4365;0.1648
P1L_S4_C2;0025;0.2747;0.3458;0.2009
P1L_S4_C2;0027;0.3273;0.7165;0.1671
P1L_S4_C2;0026;0.3254;0.4815;0.2147
P1L_S4_C2;0015;0.3981;0.6132;0.2638
P1L_S4_C2;0010;0.3072;0.4185;0.1904
P1L_S4_C2;0012;0.2877;0.3783;0.1882
P1L_S4_C2;0009;0.2882;0.3586;0.2374
P1L_S4_C2;0019;0.2686;0.5108;0.1496
P1L_S4_C2;0007;0.2828;0.4287;0.1962
P1L_S4_C2;0006;0.3655;0.5534;0.2713
P1L_S4_C2;0017;0.2520;0.4248;0.1513
P1L_S4_C2;0001;0.3111;0.5373;0.1776
P1L_S4_C2;0004;0.4296;0.5959;0.2632
P1L_S4_C3;0020;0.3598;0.4858;0.2745
P1L_S4_C3;0014;0.3712;0.5142;0.2676
P1L_S4_C3;0003;0.3145;0.4182;0.2246
P1L_S4_C3;0005;0.2992;0.4221;0.2307
P1L_S4_C3;0011;0.2904;0.4281;0.2250
P1L_S4_C3;0022;0.3683;0.5135;0.3011
P1L_S4_C3;0021;0.3148;0.4062;0.2739
P1L_S4_C3;0013;0.2755;0.3323;0.2130
P1L_S4_C3;0016;0.2917;0.3740;0.2406
P1L_S4_C3;0018;0.3988;0.4795;0.3044
P1L_S4_C3;0023;0.3991;0.4848;0.3284
P1L_S4_C3;0024;0.2679;0.3119;0.2246
P1L_S4_C3;0025;0.3223;0.4095;0.2509
P1L_S4_C3;0027;0.2940;0.3858;0.2124
P1L_S4_C3;0026;0.2844;0.4122;0.2192
P1L_S4_C3;0015;0.4185;0.5970;0.3427
P1L_S4_C3;0010;0.3251;0.4709;0.2565
P1L_S4_C3;0012;0.3087;0.3735;0.2699
P1L_S4_C3;0009;0.3499;0.4762;0.2929
P1L_S4_C3;0019;0.2766;0.3446;0.2255
P1L_S4_C3;0007;0.3452;0.4135;0.3053
P1L_S4_C3;0006;0.4162;0.4759;0.3454
P1L_S4_C3;0017;0.2928;0.3907;0.2262
P1L_S4_C3;0001;0.2905;0.3969;0.2066
P1L_S4_C3;0004;0.4685;0.6549;0.3660
P2E_S1_C1.1;0028;0.4665;0.5645;0.3901
P2E_S1_C1.1;0005;0.4388;0.4787;0.4198
P2E_S1_C1.1;0030;0.3738;0.3842;0.3615
P2E_S1_C1.1;0024;0.3788;0.4293;0.3385
P2E_S1_C1.1;0025;0.4680;0.5389;0.3487
P2E_S1_C1.1;0023;0.4161;0.4711;0.3582
P2E_S1_C1.1;0020;0.5281;0.6523;0.4501
P2E_S1_C1.1;0019;0.4708;0.4924;0.4422
P2E_S1_C1.1;0011;0.4992;0.6218;0.4251
P2E_S1_C1.1;0007;0.5376;0.6257;0.4923
P2E_S1_C1.2;0015;0.5678;0.6440;0.5000
P2E_S1_C1.2;0021;0.4015;0.4841;0.3494
P2E_S1_C1.2;0002;0.3720;0.4306;0.3108
P2E_S1_C1.2;0022;0.3926;0.4557;0.3407
P2E_S1_C1.2;0003;0.4242;0.5077;0.3683
P2E_S1_C2.1;0014;0.4257;0.5494;0.3479
P2E_S1_C2.1;0028;0.3873;0.5252;0.2441
P2E_S1_C2.1;0013;0.3509;0.4136;0.2942
P2E_S1_C2.1;0005;0.3622;0.4428;0.2626
P2E_S1_C2.1;0030;0.3611;0.4799;0.2584
P2E_S1_C2.1;0029;0.3925;0.5172;0.2787
P2E_S1_C2.1;0001;0.4009;0.4943;0.2960
P2E_S1_C2.1;0009;0.3802;0.4947;0.2706
P2E_S1_C2.1;0024;0.3237;0.4225;0.2379
P2E_S1_C2.1;0025;0.4089;0.5776;0.2918
P2E_S1_C2.1;0023;0.3879;0.4875;0.2644
P2E_S1_C2.1;0020;0.4174;0.5458;0.3027
P2E_S1_C2.1;0010;0.4422;0.5660;0.3363
P2E_S1_C2.1;0019;0.4157;0.5174;0.2885
P2E_S1_C2.1;0006;0.3851;0.4831;0.2725
P2E_S1_C2.1;0018;0.4667;0.5702;0.3086
P2E_S1_C2.1;0026;0.4084;0.5351;0.3262
P2E_S1_C2.1;0027;0.3338;0.4246;0.2571
P2E_S1_C2.1;0017;0.3379;0.3832;0.2781
P2E_S1_C2.1;0011;0.4523;0.5637;0.3602
P2E_S1_C2.1;0007;0.4913;0.6011;0.4128
P2E_S1_C2.1;0016;0.3592;0.4482;0.2198
P2E_S1_C2.1;0012;0.3485;0.4916;0.2535
P2E_S1_C2.1;0004;0.4859;0.5956;0.3484
P2E_S1_C2.2;0015;0.5395;0.6282;0.4416
P2E_S1_C2.2;0021;0.4081;0.5305;0.3238
P2E_S1_C2.2;0002;0.3744;0.4749;0.3016
P2E_S1_C2.2;0022;0.3918;0.4729;0.2623
P2E_S1_C2.2;0003;0.3975;0.4899;0.2957
P2E_S1_C3.1;0014;0.3658;0.5023;0.2794
P2E_S1_C3.1;0028;0.3836;0.5308;0.2757
P2E_S1_C3.1;0013;0.3128;0.4162;0.2367
P2E_S1_C3.1;0005;0.3443;0.4425;0.2209
P2E_S1_C3.1;0030;0.3215;0.4587;0.2208
P2E_S1_C3.1;0029;0.3548;0.4964;0.2638
P2E_S1_C3.1;0001;0.3443;0.4297;0.2314
P2E_S1_C3.1;0009;0.3387;0.4101;0.2377
P2E_S1_C3.1;0024;0.3057;0.3991;0.1967
P2E_S1_C3.1;0025;0.3443;0.5217;0.2041
P2E_S1_C3.1;0023;0.3445;0.4533;0.2202
P2E_S1_C3.1;0020;0.3870;0.5387;0.2301
P2E_S1_C3.1;0010;0.3991;0.5438;0.2636
P2E_S1_C3.1;0019;0.3428;0.5193;0.1879
P2E_S1_C3.1;0006;0.3380;0.4547;0.2429
P2E_S1_C3.1;0018;0.4219;0.5888;0.2469
P2E_S1_C3.1;0026;0.4234;0.5188;0.3168
P2E_S1_C3.1;0027;0.3022;0.4071;0.1947
P2E_S1_C3.1;0017;0.2947;0.4197;0.2012
P2E_S1_C3.1;0011;0.4247;0.5183;0.3325
P2E_S1_C3.1;0007;0.4245;0.5432;0.2821
P2E_S1_C3.1;0016;0.3435;0.4596;0.2314
P2E_S1_C3.1;0012;0.3315;0.4335;0.2296
P2E_S1_C3.1;0004;0.4609;0.5949;0.3605
P2E_S1_C3.2;0015;0.5164;0.6345;0.3860
P2E_S1_C3.2;0021;0.3700;0.6023;0.2034
P2E_S1_C3.2;0002;0.3592;0.5798;0.2194
P2E_S1_C3.2;0022;0.3966;0.4605;0.3109
P2E_S1_C3.2;0003;0.3629;0.4783;0.1736
P2E_S2_C1.1;0013;0.3380;0.3993;0.2792
P2E_S2_C1.1;0014;0.4207;0.5119;0.3523
P2E_S2_C1.1;0028;0.4096;0.5805;0.2960
P2E_S2_C1.1;0029;0.4437;0.5338;0.3418
P2E_S2_C1.1;0007;0.4927;0.5896;0.4292
P2E_S2_C1.1;0018;0.5132;0.6261;0.4314
P2E_S2_C1.1;0024;0.3472;0.4277;0.2525
P2E_S2_C1.1;0025;0.4163;0.5675;0.2356
P2E_S2_C1.1;0023;0.3896;0.4652;0.2964
P2E_S2_C1.1;0010;0.4598;0.6177;0.3293
P2E_S2_C1.1;0020;0.4523;0.5580;0.3530
P2E_S2_C1.1;0011;0.4795;0.5797;0.3296
P2E_S2_C1.1;0006;0.3885;0.4646;0.2753
P2E_S2_C1.1;0001;0.4190;0.5938;0.2781
P2E_S2_C1.1;0026;0.4043;0.5617;0.3058
P2E_S2_C1.1;0027;0.3171;0.3935;0.2268
P2E_S2_C1.1;0016;0.3853;0.4813;0.2604
P2E_S2_C1.1;0017;0.3339;0.4308;0.2471
P2E_S2_C1.1;0009;0.3844;0.4879;0.2841
P2E_S2_C1.1;0019;0.4286;0.6031;0.2433
P2E_S2_C1.1;0005;0.4236;0.5232;0.3245
P2E_S2_C1.1;0030;0.4083;0.5251;0.2871
P2E_S2_C1.1;0004;0.4605;0.5557;0.3550
P2E_S2_C1.2;0022;0.3910;0.4758;0.2959
P2E_S2_C1.2;0015;0.5462;0.6212;0.4829
P2E_S2_C1.2;0021;0.4054;0.4988;0.3127
P2E_S2_C1.2;0002;0.3716;0.4449;0.3157
P2E_S2_C1.2;0003;0.4017;0.5276;0.3308
P2E_S2_C2.1;0013;0.3338;0.4675;0.2041
P2E_S2_C2.1;0014;0.3909;0.5820;0.2710
P2E_S2_C2.1;0028;0.3954;0.5745;0.2476
P2E_S2_C2.1;0029;0.3976;0.5060;0.2468
P2E_S2_C2.1;0007;0.4757;0.6150;0.2873
P2E_S2_C2.1;0018;0.5090;0.6681;0.4016
P2E_S2_C2.1;0024;0.3012;0.4416;0.1672
P2E_S2_C2.1;0025;0.3595;0.5444;0.1995
P2E_S2_C2.1;0023;0.3821;0.5803;0.2432
P2E_S2_C2.1;0010;0.4302;0.5732;0.2639
P2E_S2_C2.1;0020;0.4027;0.5003;0.2642
P2E_S2_C2.1;0011;0.4565;0.5550;0.3558
P2E_S2_C2.1;0006;0.3551;0.4667;0.2649
P2E_S2_C2.1;0001;0.3588;0.4549;0.2314
P2E_S2_C2.1;0026;0.4084;0.5137;0.3349
P2E_S2_C2.1;0027;0.2985;0.5507;0.1827
P2E_S2_C2.1;0016;0.3949;0.4916;0.2132
P2E_S2_C2.1;0017;0.3183;0.4318;0.2048
P2E_S2_C2.1;0009;0.3766;0.4642;0.2551
P2E_S2_C2.1;0012;0.3736;0.4523;0.3146
P2E_S2_C2.1;0019;0.3607;0.5134;0.1936
P2E_S2_C2.1;0005;0.3703;0.5005;0.2373
P2E_S2_C2.1;0030;0.3878;0.4937;0.2769
P2E_S2_C2.1;0004;0.4379;0.5676;0.2921
P2E_S2_C2.2;0022;0.4020;0.4994;0.2496
P2E_S2_C2.2;0015;0.5333;0.6654;0.3329
P2E_S2_C2.2;0021;0.4037;0.5605;0.2178
P2E_S2_C2.2;0002;0.3646;0.4879;0.2208
P2E_S2_C2.2;0003;0.3885;0.4884;0.2208
P2E_S2_C3.1;0013;0.3645;0.4355;0.3061
P2E_S2_C3.1;0014;0.4756;0.6009;0.3639
P2E_S2_C3.1;0028;0.4511;0.6107;0.3496
P2E_S2_C3.1;0029;0.4560;0.5627;0.3149
P2E_S2_C3.1;0007;0.5285;0.6411;0.4206
P2E_S2_C3.1;0018;0.5215;0.6708;0.4026
P2E_S2_C3.1;0024;0.3376;0.4182;0.2664
P2E_S2_C3.1;0025;0.4303;0.5930;0.2556
P2E_S2_C3.1;0023;0.4149;0.5179;0.3432
P2E_S2_C3.1;0010;0.4724;0.6181;0.3077
P2E_S2_C3.1;0020;0.4641;0.5647;0.3324
P2E_S2_C3.1;0011;0.4858;0.5753;0.4039
P2E_S2_C3.1;0006;0.4052;0.5077;0.3166
P2E_S2_C3.1;0001;0.3834;0.4595;0.3192
P2E_S2_C3.1;0026;0.4278;0.5972;0.3225
P2E_S2_C3.1;0027;0.3274;0.5234;0.2200
P2E_S2_C3.1;0016;0.4123;0.5058;0.2299
P2E_S2_C3.1;0017;0.3782;0.4908;0.2641
P2E_S2_C3.1;0009;0.4004;0.5043;0.3211
P2E_S2_C3.1;0012;0.3816;0.4648;0.2870
P2E_S2_C3.1;0019;0.3782;0.4570;0.2098
P2E_S2_C3.1;0005;0.4043;0.4874;0.2964
P2E_S2_C3.1;0030;0.4341;0.6481;0.3019
P2E_S2_C3.1;0004;0.4888;0.6503;0.3279
P2E_S2_C3.2;0022;0.4384;0.5676;0.3450
P2E_S2_C3.2;0015;0.5548;0.7197;0.4202
P2E_S2_C3.2;0021;0.4420;0.8257;0.2918
P2E_S2_C3.2;0002;0.3656;0.4910;0.2211
P2E_S2_C3.2;0003;0.4000;0.5937;0.2565
P2E_S3_C1.1;0013;0.3440;0.5330;0.2415
P2E_S3_C1.1;0018;0.5039;0.6696;0.3452
P2E_S3_C1.1;0005;0.3855;0.6524;0.2521
P2E_S3_C1.1;0030;0.3437;0.5058;0.1914
P2E_S3_C1.1;0001;0.3950;0.6567;0.2657
P2E_S3_C1.1;0009;0.3363;0.4890;0.2439
P2E_S3_C1.1;0016;0.3861;0.4655;0.2706
P2E_S3_C1.1;0029;0.3756;0.5199;0.2291
P2E_S3_C1.1;0014;0.4629;0.6858;0.3156
P2E_S3_C1.1;0028;0.4553;0.7649;0.2419
P2E_S3_C1.1;0017;0.3536;0.6017;0.2053
P2E_S3_C1.1;0012;0.4215;0.5455;0.2674
P2E_S3_C1.1;0019;0.4600;0.7525;0.2750
P2E_S3_C1.1;0024;0.3530;0.7013;0.2060
P2E_S3_C1.1;0025;0.4128;0.6744;0.2105
P2E_S3_C1.2;0002;0.3735;0.5687;0.2335
P2E_S3_C1.2;0021;0.3731;0.6537;0.2567
P2E_S3_C1.2;0015;0.4344;0.5153;0.3301
P2E_S3_C1.2;0022;0.4082;0.4862;0.3294
P2E_S3_C1.2;0003;0.3670;0.5885;0.2020
P2E_S3_C2.1;0013;0.3517;0.4430;0.2845
P2E_S3_C2.1;0018;0.5041;0.6204;0.4083
P2E_S3_C2.1;0005;0.3680;0.4314;0.2760
P2E_S3_C2.1;0030;0.3480;0.5219;0.2352
P2E_S3_C2.1;0001;0.4043;0.5367;0.2985
P2E_S3_C2.1;0009;0.3434;0.5109;0.2421
P2E_S3_C2.1;0016;0.4039;0.4974;0.2490
P2E_S3_C2.1;0029;0.3997;0.5200;0.2853
P2E_S3_C2.1;0014;0.4641;0.5909;0.4012
P2E_S3_C2.1;0028;0.3950;0.5474;0.3059
P2E_S3_C2.1;0017;0.3347;0.4408;0.2378
P2E_S3_C2.1;0012;0.3860;0.4867;0.2244
P2E_S3_C2.1;0019;0.4088;0.5668;0.2618
P2E_S3_C2.1;0024;0.3347;0.5185;0.2650
P2E_S3_C2.1;0025;0.3996;0.5590;0.2718
P2E_S3_C2.1;0023;0.4290;0.5062;0.3474
P2E_S3_C2.1;0011;0.4620;0.6017;0.3691
P2E_S3_C2.1;0007;0.5159;0.6084;0.4186
P2E_S3_C2.1;0020;0.4647;0.5988;0.3769
P2E_S3_C2.1;0026;0.4605;0.5896;0.3599
P2E_S3_C2.1;0027;0.3526;0.4345;0.2382
P2E_S3_C2.1;0010;0.4778;0.6724;0.3699
P2E_S3_C2.1;0006;0.4271;0.6219;0.3470
P2E_S3_C2.1;0004;0.5074;0.7150;0.3421
P2E_S3_C2.2;0002;0.4005;0.5058;0.2756
P2E_S3_C2.2;0021;0.4178;0.4761;0.3666
P2E_S3_C2.2;0015;0.5032;0.5857;0.4153
P2E_S3_C2.2;0022;0.4381;0.5079;0.3535
P2E_S3_C2.2;0003;0.4189;0.5719;0.3188
P2E_S3_C3.1;0013;0.4837;0.6661;0.3812
P2E_S3_C3.1;0018;0.5896;0.6924;0.5211
P2E_S3_C3.1;0005;0.5284;0.5980;0.4253
P2E_S3_C3.1;0030;0.4921;0.5899;0.3960
P2E_S3_C3.1;0001;0.4683;0.6039;0.3913
P2E_S3_C3.1;0009;0.4074;0.5135;0.3050
P2E_S3_C3.1;0016;0.4976;0.6377;0.4162
P2E_S3_C3.1;0029;0.5009;0.7059;0.4051
P2E_S3_C3.1;0014;0.6265;0.7652;0.5209
P2E_S3_C3.1;0028;0.5010;0.6588;0.4311
P2E_S3_C3.1;0017;0.5380;0.7296;0.4315
P2E_S3_C3.1;0012;0.4505;0.5280;0.3993
P2E_S3_C3.1;0019;0.5062;0.6850;0.4297
P2E_S3_C3.1;0024;0.4789;0.7242;0.3849
P2E_S3_C3.1;0025;0.5317;0.6617;0.4386
P2E_S3_C3.1;0023;0.6147;0.7040;0.5228
P2E_S3_C3.1;0011;0.6001;0.6997;0.5105
P2E_S3_C3.1;0007;0.5648;0.6927;0.4999
P2E_S3_C3.1;0020;0.5895;0.7145;0.5139
P2E_S3_C3.1;0026;0.5675;0.7643;0.4644
P2E_S3_C3.1;0027;0.4670;0.5953;0.3577
P2E_S3_C3.1;0010;0.5779;0.7748;0.4662
P2E_S3_C3.1;0006;0.5479;0.6669;0.4208
P2E_S3_C3.1;0004;0.5991;0.7333;0.5241
P2E_S3_C3.2;0002;0.3845;0.4561;0.3302
P2E_S3_C3.2;0021;0.4631;0.5824;0.3857
P2E_S3_C3.2;0015;0.5098;0.5597;0.4595
P2E_S3_C3.2;0022;0.4642;0.5652;0.3953
P2E_S3_C3.2;0003;0.4530;0.5563;0.3528
P2E_S4_C1.1;0013;0.3237;0.6124;0.2179
P2E_S4_C1.1;0018;0.5321;0.6413;0.4536
P2E_S4_C1.1;0005;0.3930;0.4812;0.2462
P2E_S4_C1.1;0016;0.3440;0.4220;0.2644
P2E_S4_C1.1;0029;0.4535;0.6421;0.3040
P2E_S4_C1.1;0028;0.3587;0.5648;0.1993
P2E_S4_C1.1;0019;0.4017;0.5841;0.2129
P2E_S4_C1.1;0011;0.4659;0.6206;0.3441
P2E_S4_C1.1;0010;0.4382;0.5787;0.3537
P2E_S4_C1.1;0006;0.4109;0.5574;0.2763
P2E_S4_C1.1;0014;0.4791;0.7721;0.3411
P2E_S4_C1.1;0017;0.3350;0.5987;0.2219
P2E_S4_C1.1;0012;0.4168;0.6132;0.2697
P2E_S4_C1.1;0001;0.4355;0.6069;0.2821
P2E_S4_C1.1;0025;0.3935;0.5920;0.2147
P2E_S4_C1.1;0023;0.4293;0.5892;0.2819
P2E_S4_C1.1;0024;0.3146;0.5878;0.2101
P2E_S4_C1.1;0026;0.5972;0.8685;0.2865
P2E_S4_C1.1;0027;0.3512;0.5092;0.1503
P2E_S4_C1.1;0007;0.4784;0.5795;0.3654
P2E_S4_C1.1;0020;0.4361;0.6093;0.2556
P2E_S4_C1.1;0009;0.3446;0.4746;0.2512
P2E_S4_C1.1;0030;0.3524;0.4668;0.2303
P2E_S4_C1.1;0004;0.4798;0.6146;0.2960
P2E_S4_C1.2;0021;0.3696;0.4779;0.2660
P2E_S4_C1.2;0022;0.4023;0.4592;0.3541
P2E_S4_C1.2;0002;0.3610;0.4533;0.2055
P2E_S4_C1.2;0015;0.5272;0.7063;0.3952
P2E_S4_C1.2;0003;0.3887;0.6007;0.2212
P2E_S4_C2.1;0013;0.3305;0.4232;0.2131
P2E_S4_C2.1;0018;0.5107;0.6574;0.4291
P2E_S4_C2.1;0005;0.3557;0.4525;0.2210
P2E_S4_C2.1;0016;0.3458;0.4747;0.2071
P2E_S4_C2.1;0029;0.3802;0.5253;0.2161
P2E_S4_C2.1;0028;0.3592;0.5459;0.2393
P2E_S4_C2.1;0019;0.3571;0.5416;0.1943
P2E_S4_C2.1;0011;0.4566;0.5854;0.3347
P2E_S4_C2.1;0010;0.4217;0.5455;0.2837
P2E_S4_C2.1;0006;0.4042;0.6040;0.2740
P2E_S4_C2.1;0014;0.4397;0.5852;0.3142
P2E_S4_C2.1;0017;0.3012;0.4320;0.2038
P2E_S4_C2.1;0012;0.4369;0.6681;0.2630
P2E_S4_C2.1;0001;0.4029;0.4830;0.2638
P2E_S4_C2.1;0025;0.3520;0.5001;0.2074
P2E_S4_C2.1;0023;0.4402;0.5453;0.2857
P2E_S4_C2.1;0024;0.3055;0.4735;0.2088
P2E_S4_C2.1;0026;0.5663;0.8091;0.3013
P2E_S4_C2.1;0027;0.3276;0.4247;0.1673
P2E_S4_C2.1;0007;0.4867;0.6216;0.3679
P2E_S4_C2.1;0020;0.4122;0.5782;0.2910
P2E_S4_C2.1;0009;0.3300;0.4498;0.2386
P2E_S4_C2.1;0030;0.3479;0.4500;0.2333
P2E_S4_C2.1;0004;0.4769;0.6080;0.2504
P2E_S4_C2.2;0021;0.3904;0.5768;0.3197
P2E_S4_C2.2;0022;0.4176;0.5014;0.3300
P2E_S4_C2.2;0002;0.3629;0.4902;0.2291
P2E_S4_C2.2;0015;0.5249;0.6284;0.3707
P2E_S4_C2.2;0003;0.3728;0.4824;0.2401
P2E_S4_C3.1;0013;0.4284;0.5196;0.3559
P2E_S4_C3.1;0018;0.5483;0.7214;0.4745
P2E_S4_C3.1;0005;0.4285;0.5124;0.3488
P2E_S4_C3.1;0016;0.4083;0.5213;0.3070
P2E_S4_C3.1;0029;0.4502;0.5588;0.3752
P2E_S4_C3.1;0028;0.4865;0.6942;0.4042
P2E_S4_C3.1;0019;0.4463;0.5550;0.3351
P2E_S4_C3.1;0011;0.5446;0.6546;0.4661
P2E_S4_C3.1;0010;0.5151;0.6156;0.4411
P2E_S4_C3.1;0006;0.4739;0.6076;0.3803
P2E_S4_C3.1;0014;0.5535;0.6831;0.4835
P2E_S4_C3.1;0017;0.4213;0.5194;0.3342
P2E_S4_C3.1;0012;0.4986;0.6582;0.3777
P2E_S4_C3.1;0001;0.4381;0.4862;0.3908
P2E_S4_C3.1;0025;0.4813;0.6453;0.3844
P2E_S4_C3.1;0023;0.5666;0.6286;0.4893
P2E_S4_C3.1;0024;0.4044;0.5635;0.2874
P2E_S4_C3.1;0026;0.7396;0.8335;0.6594
P2E_S4_C3.1;0027;0.4146;0.5208;0.3624
P2E_S4_C3.1;0007;0.5184;0.6180;0.4180
P2E_S4_C3.1;0020;0.4806;0.6009;0.4140
P2E_S4_C3.1;0009;0.3512;0.5531;0.2719
P2E_S4_C3.1;0030;0.4543;0.5517;0.3830
P2E_S4_C3.1;0004;0.5708;0.6923;0.4760
P2E_S4_C3.2;0021;0.4319;0.5144;0.3510
P2E_S4_C3.2;0022;0.4360;0.4847;0.3826
P2E_S4_C3.2;0002;0.3834;0.7326;0.3259
P2E_S4_C3.2;0015;0.5481;0.6662;0.4707
P2E_S4_C3.2;0003;0.4427;0.5612;0.3557
P2L_S1_C1.1;0028;0.4995;0.8181;0.2399
P2L_S1_C1.1;0016;0.3805;0.6342;0.2421
P2L_S1_C1.1;0013;0.3721;0.6944;0.2624
P2L_S1_C1.1;0024;0.3101;0.6025;0.2076
P2L_S1_C1.1;0019;0.4233;0.7315;0.2678
P2L_S1_C1.1;0025;0.4000;0.7049;0.2459
P2L_S1_C1.1;0023;0.3740;0.6441;0.2501
P2L_S1_C1.1;0029;0.3804;0.6213;0.2649
P2L_S1_C1.1;0009;0.4880;0.8688;0.3360
P2L_S1_C1.1;0010;0.4313;0.7870;0.2655
P2L_S1_C1.1;0026;0.3992;0.6168;0.2709
P2L_S1_C1.1;0027;0.3693;0.7180;0.2169
P2L_S1_C1.1;0002;0.3522;0.6202;0.1990
P2L_S1_C1.1;0006;0.3913;0.6583;0.2280
P2L_S1_C1.1;0011;0.4392;0.7437;0.2662
P2L_S1_C1.1;0020;0.4284;0.7915;0.2901
P2L_S1_C1.1;0001;0.4536;0.8095;0.2876
P2L_S1_C1.1;0012;0.3849;0.5794;0.2882
P2L_S1_C1.1;0014;0.4979;0.7813;0.3443
P2L_S1_C1.1;0017;0.3767;0.7744;0.2198
P2L_S1_C1.1;0005;0.3916;0.6581;0.2876
P2L_S1_C1.1;0030;0.3403;0.6007;0.2163
P2L_S1_C1.1;0007;0.4817;0.9117;0.3058
P2L_S1_C1.1;0018;0.4352;0.7491;0.2429
P2L_S1_C1.1;0004;0.4302;0.4398;0.4233
P2L_S1_C1.2;0003;0.3610;0.7104;0.1968
P2L_S1_C1.2;0015;0.4595;0.7411;0.3116
P2L_S1_C1.2;0021;0.4075;0.6966;0.2816
P2L_S1_C1.2;0022;0.3855;0.6835;0.2693
P2L_S1_C2.1;0028;0.4939;0.8190;0.2881
P2L_S1_C2.1;0016;0.3305;0.5199;0.2265
P2L_S1_C2.1;0013;0.4080;0.7270;0.2683
P2L_S1_C2.1;0024;0.3546;0.6336;0.2386
P2L_S1_C2.1;0019;0.4077;0.8067;0.2514
P2L_S1_C2.1;0025;0.4270;0.7398;0.2567
P2L_S1_C2.1;0023;0.3777;0.6478;0.2821
P2L_S1_C2.1;0029;0.3876;0.7222;0.2973
P2L_S1_C2.1;0009;0.4502;0.7277;0.3246
P2L_S1_C2.1;0010;0.4837;0.8705;0.3209
P2L_S1_C2.1;0026;0.3996;0.5990;0.2937
P2L_S1_C2.1;0027;0.4009;0.7645;0.2442
P2L_S1_C2.1;0002;0.3763;0.7148;0.2115
P2L_S1_C2.1;0006;0.4257;0.6766;0.2601
P2L_S1_C2.1;0011;0.4675;0.7438;0.2747
P2L_S1_C2.1;0020;0.4747;0.8430;0.2754
P2L_S1_C2.1;0001;0.4616;0.7784;0.3317
P2L_S1_C2.1;0012;0.3884;0.7017;0.2896
P2L_S1_C2.1;0014;0.5311;0.8362;0.3596
P2L_S1_C2.1;0017;0.4221;0.8202;0.2262
P2L_S1_C2.1;0005;0.4208;0.6180;0.3361
P2L_S1_C2.1;0030;0.3830;0.7219;0.2057
P2L_S1_C2.1;0007;0.5692;0.9369;0.3279
P2L_S1_C2.1;0018;0.4549;0.7607;0.2933
P2L_S1_C2.2;0003;0.4428;0.8012;0.2334
P2L_S1_C2.2;0015;0.5252;0.7844;0.3906
P2L_S1_C2.2;0021;0.4116;0.6893;0.3003
P2L_S1_C2.2;0022;0.3996;0.6089;0.2833
P2L_S1_C3.1;0028;0.5339;0.7803;0.3094
P2L_S1_C3.1;0016;0.3687;0.6311;0.2373
P2L_S1_C3.1;0013;0.4419;0.7066;0.2627
P2L_S1_C3.1;0024;0.3767;0.6156;0.2796
P2L_S1_C3.1;0019;0.4038;0.7030;0.2539
P2L_S1_C3.1;0025;0.4600;0.6956;0.3097
P2L_S1_C3.1;0023;0.4528;0.6907;0.3232
P2L_S1_C3.1;0029;0.4043;0.5598;0.3193
P2L_S1_C3.1;0009;0.4861;0.7494;0.3308
P2L_S1_C3.1;0010;0.4541;0.5951;0.3527
P2L_S1_C3.1;0026;0.4050;0.5763;0.3142
P2L_S1_C3.1;0027;0.4218;0.6909;0.2519
P2L_S1_C3.1;0002;0.3669;0.4716;0.2883
P2L_S1_C3.1;0006;0.4562;0.5830;0.3719
P2L_S1_C3.1;0011;0.4937;0.6506;0.4047
P2L_S1_C3.1;0020;0.4192;0.6028;0.2899
P2L_S1_C3.1;0001;0.4828;0.7741;0.3556
P2L_S1_C3.1;0012;0.4119;0.5544;0.3150
P2L_S1_C3.1;0014;0.5738;0.7744;0.4262
P2L_S1_C3.1;0017;0.5075;0.8297;0.2832
P2L_S1_C3.1;0005;0.4486;0.6806;0.3696
P2L_S1_C3.1;0030;0.3859;0.6569;0.2333
P2L_S1_C3.1;0007;0.5784;0.9080;0.3536
P2L_S1_C3.1;0018;0.4985;0.7302;0.3098
P2L_S1_C3.2;0003;0.4839;0.6988;0.3261
P2L_S1_C3.2;0015;0.6020;0.6845;0.5303
P2L_S1_C3.2;0021;0.5088;0.7351;0.4066
P2L_S1_C3.2;0022;0.4946;0.6709;0.4144
P2L_S2_C1.1;0013;0.3713;0.6434;0.2366
P2L_S2_C1.1;0028;0.5146;0.8085;0.3413
P2L_S2_C1.1;0019;0.4215;0.7545;0.2694
P2L_S2_C1.1;0020;0.4749;0.7641;0.3399
P2L_S2_C1.1;0029;0.4653;0.7861;0.2887
P2L_S2_C1.1;0005;0.3938;0.7017;0.2629
P2L_S2_C1.1;0024;0.3751;0.6785;0.2218
P2L_S2_C1.1;0025;0.4031;0.7093;0.2364
P2L_S2_C1.1;0023;0.4040;0.5556;0.3278
P2L_S2_C1.1;0027;0.3979;0.7291;0.2111
P2L_S2_C1.1;0026;0.3779;0.5115;0.2680
P2L_S2_C1.1;0002;0.3430;0.6148;0.1932
P2L_S2_C1.1;0006;0.4310;0.7433;0.2559
P2L_S2_C1.1;0011;0.4692;0.7168;0.2893
P2L_S2_C1.1;0001;0.4365;0.8511;0.2697
P2L_S2_C1.1;0010;0.4801;0.7815;0.3057
P2L_S2_C1.1;0009;0.4331;0.6969;0.3137
P2L_S2_C1.1;0030;0.3689;0.7186;0.2074
P2L_S2_C1.1;0012;0.3869;0.6163;0.2923
P2L_S2_C1.1;0014;0.5390;0.7801;0.4033
P2L_S2_C1.1;0017;0.4181;0.7869;0.2547
P2L_S2_C1.1;0007;0.5210;0.9020;0.3337
P2L_S2_C1.1;0016;0.4310;0.6855;0.2689
P2L_S2_C1.1;0018;0.4411;0.6385;0.3423
P2L_S2_C1.1;0004;0.5053;0.8564;0.3182
P2L_S2_C1.2;0022;0.3890;0.5455;0.2512
P2L_S2_C1.2;0021;0.3730;0.5585;0.2778
P2L_S2_C1.2;0015;0.4736;0.7103;0.3265
P2L_S2_C1.2;0003;0.3729;0.6498;0.2113
P2L_S2_C2.1;0013;0.3760;0.7618;0.2228
P2L_S2_C2.1;0028;0.4366;0.8109;0.2672
P2L_S2_C2.1;0019;0.4230;0.7638;0.2373
P2L_S2_C2.1;0020;0.4717;0.7685;0.3216
P2L_S2_C2.1;0029;0.4244;0.6915;0.2317
P2L_S2_C2.1;0005;0.3678;0.6416;0.2497
P2L_S2_C2.1;0024;0.3416;0.6369;0.2215
P2L_S2_C2.1;0025;0.4005;0.7646;0.2331
P2L_S2_C2.1;0023;0.3907;0.6115;0.2810
P2L_S2_C2.1;0027;0.3628;0.7233;0.2052
P2L_S2_C2.1;0026;0.4264;0.6189;0.3016
P2L_S2_C2.1;0002;0.3768;0.6917;0.2115
P2L_S2_C2.1;0006;0.4091;0.7142;0.2366
P2L_S2_C2.1;0011;0.4544;0.7182;0.2644
P2L_S2_C2.1;0001;0.4481;0.8291;0.3162
P2L_S2_C2.1;0010;0.4462;0.6749;0.3105
P2L_S2_C2.1;0009;0.4398;0.7443;0.3121
P2L_S2_C2.1;0030;0.3749;0.7184;0.2152
P2L_S2_C2.1;0012;0.3972;0.7437;0.2812
P2L_S2_C2.1;0014;0.4993;0.8382;0.3613
P2L_S2_C2.1;0017;0.3831;0.7755;0.2273
P2L_S2_C2.1;0007;0.4674;0.8475;0.3110
P2L_S2_C2.1;0016;0.3987;0.6141;0.2740
P2L_S2_C2.1;0018;0.4277;0.6847;0.2858
P2L_S2_C2.1;0004;0.4938;0.8682;0.3213
P2L_S2_C2.2;0022;0.3799;0.5608;0.2629
P2L_S2_C2.2;0021;0.4040;0.7240;0.2566
P2L_S2_C2.2;0015;0.5319;0.8858;0.3468
P2L_S2_C2.2;0003;0.4360;0.8240;0.2226
P2L_S2_C3.1;0013;0.3686;0.6450;0.2061
P2L_S2_C3.1;0028;0.4620;0.8119;0.2794
P2L_S2_C3.1;0019;0.3705;0.6083;0.2666
P2L_S2_C3.1;0020;0.4309;0.5988;0.3074
P2L_S2_C3.1;0029;0.4018;0.6086;0.2653
P2L_S2_C3.1;0005;0.3928;0.6122;0.3005
P2L_S2_C3.1;0024;0.3378;0.5949;0.2471
P2L_S2_C3.1;0025;0.4072;0.6794;0.2728
P2L_S2_C3.1;0023;0.4108;0.6761;0.3088
P2L_S2_C3.1;0027;0.3609;0.7199;0.2166
P2L_S2_C3.1;0026;0.3741;0.5257;0.2853
P2L_S2_C3.1;0002;0.3686;0.5462;0.2489
P2L_S2_C3.1;0006;0.4151;0.5850;0.2909
P2L_S2_C3.1;0011;0.4688;0.6250;0.3790
P2L_S2_C3.1;0001;0.4996;0.9402;0.2761
P2L_S2_C3.1;0010;0.4441;0.6248;0.3229
P2L_S2_C3.1;0009;0.4265;0.7094;0.3110
P2L_S2_C3.1;0030;0.3453;0.5599;0.2320
P2L_S2_C3.1;0012;0.3723;0.5510;0.2660
P2L_S2_C3.1;0014;0.5278;0.7897;0.3732
P2L_S2_C3.1;0017;0.3783;0.6050;0.2441
P2L_S2_C3.1;0007;0.4740;0.7186;0.3271
P2L_S2_C3.1;0016;0.3356;0.5107;0.2248
P2L_S2_C3.1;0018;0.4568;0.7607;0.3546
P2L_S2_C3.1;0004;0.4666;0.7814;0.3266
P2L_S2_C3.2;0022;0.4002;0.6182;0.2959
P2L_S2_C3.2;0021;0.4032;0.6577;0.2846
P2L_S2_C3.2;0015;0.5854;0.8426;0.3954
P2L_S2_C3.2;0003;0.4065;0.7175;0.2240
P2L_S3_C1.1;0013;0.3868;0.5257;0.2927
P2L_S3_C1.1;0028;0.5202;0.7673;0.3471
P2L_S3_C1.1;0029;0.4221;0.5713;0.3272
P2L_S3_C1.1;0020;0.5425;0.7649;0.3722
P2L_S3_C1.1;0006;0.4785;0.6124;0.3741
P2L_S3_C1.1;0010;0.4693;0.6360;0.3937
P2L_S3_C1.1;0027;0.4006;0.6892;0.2810
P2L_S3_C1.1;0026;0.4220;0.5609;0.3254
P2L_S3_C1.1;0012;0.3435;0.5605;0.2590
P2L_S3_C1.1;0002;0.3834;0.6066;0.2689
P2L_S3_C1.1;0019;0.4698;0.7363;0.3103
P2L_S3_C1.1;0025;0.4501;0.6934;0.2922
P2L_S3_C1.1;0023;0.5649;0.7538;0.4741
P2L_S3_C1.1;0024;0.4254;0.5895;0.2929
P2L_S3_C1.1;0005;0.4172;0.6535;0.2944
P2L_S3_C1.1;0011;0.5151;0.7202;0.3823
P2L_S3_C1.1;0014;0.6065;0.8800;0.4348
P2L_S3_C1.1;0017;0.4445;0.5969;0.3046
P2L_S3_C1.1;0001;0.5814;0.9035;0.3598
P2L_S3_C1.1;0030;0.3836;0.5853;0.2638
P2L_S3_C1.1;0009;0.4235;0.5311;0.3249
P2L_S3_C1.1;0007;0.6544;0.9480;0.4347
P2L_S3_C1.1;0016;0.3811;0.6279;0.2861
P2L_S3_C1.1;0018;0.4361;0.5833;0.3376
P2L_S3_C1.1;0004;0.5525;0.7530;0.4357
P2L_S3_C1.2;0021;0.4536;0.5972;0.3236
P2L_S3_C1.2;0003;0.4410;0.6630;0.2990
P2L_S3_C1.2;0022;0.3974;0.4778;0.3098
P2L_S3_C1.2;0015;0.5777;0.7942;0.4290
P2L_S3_C2.1;0013;0.3890;0.6273;0.2654
P2L_S3_C2.1;0028;0.4600;0.6842;0.3021
P2L_S3_C2.1;0029;0.4278;0.6102;0.2769
P2L_S3_C2.1;0020;0.4648;0.8246;0.3305
P2L_S3_C2.1;0006;0.4401;0.6783;0.3182
P2L_S3_C2.1;0010;0.4409;0.7331;0.3365
P2L_S3_C2.1;0027;0.4151;0.8057;0.2487
P2L_S3_C2.1;0026;0.4033;0.5430;0.3096
P2L_S3_C2.1;0012;0.3648;0.5804;0.2123
P2L_S3_C2.1;0002;0.3460;0.6658;0.2276
P2L_S3_C2.1;0019;0.4531;0.7893;0.2760
P2L_S3_C2.1;0025;0.4073;0.6918;0.2922
P2L_S3_C2.1;0023;0.4822;0.6663;0.3949
P2L_S3_C2.1;0024;0.3762;0.5678;0.2497
P2L_S3_C2.1;0005;0.3643;0.5971;0.2580
P2L_S3_C2.1;0011;0.4604;0.6659;0.3422
P2L_S3_C2.1;0014;0.4741;0.7743;0.3457
P2L_S3_C2.1;0017;0.4395;0.8321;0.2462
P2L_S3_C2.1;0001;0.5169;0.9013;0.3367
P2L_S3_C2.1;0030;0.3740;0.7931;0.2009
P2L_S3_C2.1;0009;0.4136;0.6013;0.2783
P2L_S3_C2.1;0007;0.5582;0.9305;0.3271
P2L_S3_C2.1;0016;0.3824;0.6915;0.2455
P2L_S3_C2.1;0018;0.4254;1.0281;0.2958
P2L_S3_C2.1;0004;0.4826;0.6841;0.3795
P2L_S3_C2.2;0021;0.4690;0.7124;0.3486
P2L_S3_C2.2;0003;0.4909;0.8172;0.2945
P2L_S3_C2.2;0022;0.4642;0.7182;0.3399
P2L_S3_C2.2;0015;0.6032;0.9259;0.4014
P2L_S3_C3.1;0013;0.3838;0.7591;0.2436
P2L_S3_C3.1;0028;0.4899;0.9170;0.2854
P2L_S3_C3.1;0029;0.4006;0.7737;0.2776
P2L_S3_C3.1;0020;0.4805;0.8308;0.3459
P2L_S3_C3.1;0006;0.4024;0.7399;0.2742
P2L_S3_C3.1;0010;0.4725;0.7963;0.3539
P2L_S3_C3.1;0027;0.3407;0.7061;0.2264
P2L_S3_C3.1;0026;0.4066;0.5445;0.2975
P2L_S3_C3.1;0012;0.3669;0.7644;0.2388
P2L_S3_C3.1;0002;0.4076;0.7138;0.2582
P2L_S3_C3.1;0019;0.4684;0.8289;0.2886
P2L_S3_C3.1;0025;0.4049;0.7208;0.2259
P2L_S3_C3.1;0023;0.4629;0.6947;0.3427
P2L_S3_C3.1;0024;0.3759;0.7437;0.2583
P2L_S3_C3.1;0005;0.4100;0.7539;0.2787
P2L_S3_C3.1;0011;0.4747;0.7208;0.3258
P2L_S3_C3.1;0014;0.4585;0.7571;0.3049
P2L_S3_C3.1;0017;0.3857;0.7764;0.2441
P2L_S3_C3.1;0001;0.4693;0.8613;0.3206
P2L_S3_C3.1;0030;0.3891;0.7441;0.2244
P2L_S3_C3.1;0009;0.4243;0.7430;0.3004
P2L_S3_C3.1;0007;0.5106;0.8824;0.3523
P2L_S3_C3.1;0016;0.4168;0.7781;0.2363
P2L_S3_C3.1;0018;0.4229;0.6052;0.2892
P2L_S3_C3.1;0004;0.4723;0.7617;0.3580
P2L_S3_C3.2;0021;0.3957;0.6801;0.2879
P2L_S3_C3.2;0003;0.4095;0.7240;0.2048
P2L_S3_C3.2;0022;0.4005;0.7203;0.2933
P2L_S3_C3.2;0015;0.5275;0.8735;0.3735
P2L_S4_C1.1;0028;0.4376;0.6775;0.3106
P2L_S4_C1.1;0013;0.3573;0.6086;0.2278
P2L_S4_C1.1;0014;0.5005;0.7635;0.3515
P2L_S4_C1.1;0005;0.3690;0.6042;0.2816
P2L_S4_C1.1;0029;0.4294;0.6986;0.2593
P2L_S4_C1.1;0011;0.4140;0.7369;0.2512
P2L_S4_C1.1;0024;0.3372;0.7169;0.1954
P2L_S4_C1.1;0025;0.3769;0.6311;0.2433
P2L_S4_C1.1;0023;0.4061;0.6732;0.2763
P2L_S4_C1.1;0026;0.4293;0.6452;0.3095
P2L_S4_C1.1;0027;0.3757;0.7237;0.2168
P2L_S4_C1.1;0002;0.3007;0.4731;0.1905
P2L_S4_C1.1;0006;0.3966;0.6335;0.2226
P2L_S4_C1.1;0010;0.4346;0.7324;0.2775
P2L_S4_C1.1;0007;0.4842;0.8422;0.2985
P2L_S4_C1.1;0019;0.4073;0.7219;0.2776
P2L_S4_C1.1;0017;0.3372;0.6040;0.2497
P2L_S4_C1.1;0030;0.3638;0.7023;0.2136
P2L_S4_C1.1;0001;0.5080;0.9156;0.3066
P2L_S4_C1.1;0009;0.4444;0.6212;0.2978
P2L_S4_C1.1;0018;0.4557;0.7621;0.2750
P2L_S4_C1.1;0016;0.4206;0.6711;0.3123
P2L_S4_C1.1;0020;0.4710;0.8266;0.3133
P2L_S4_C1.1;0012;0.3858;0.6542;0.2667
P2L_S4_C1.1;0004;0.5007;0.8470;0.3271
P2L_S4_C1.2;0022;0.3741;0.5725;0.2787
P2L_S4_C1.2;0003;0.3791;0.7394;0.1900
P2L_S4_C1.2;0015;0.4523;0.7652;0.3088
P2L_S4_C1.2;0021;0.4412;0.7988;0.2410
P2L_S4_C2.1;0028;0.4322;0.7747;0.2399
P2L_S4_C2.1;0013;0.3696;0.6803;0.2326
P2L_S4_C2.1;0014;0.4576;0.7561;0.3010
P2L_S4_C2.1;0005;0.3741;0.6203;0.2892
P2L_S4_C2.1;0029;0.3902;0.6815;0.2439
P2L_S4_C2.1;0011;0.4145;0.6260;0.2530
P2L_S4_C2.1;0024;0.3212;0.5316;0.2072
P2L_S4_C2.1;0025;0.3752;0.6928;0.2643
P2L_S4_C2.1;0023;0.3907;0.6181;0.2784
P2L_S4_C2.1;0026;0.3930;0.5816;0.3166
P2L_S4_C2.1;0027;0.3723;0.7390;0.2160
P2L_S4_C2.1;0002;0.3232;0.5584;0.1955
P2L_S4_C2.1;0006;0.3878;0.6858;0.2672
P2L_S4_C2.1;0010;0.4415;0.7555;0.2905
P2L_S4_C2.1;0007;0.4534;0.7502;0.3457
P2L_S4_C2.1;0019;0.3926;0.7159;0.2495
P2L_S4_C2.1;0017;0.3250;0.6371;0.2306
P2L_S4_C2.1;0030;0.3282;0.6188;0.2026
P2L_S4_C2.1;0001;0.4020;0.5626;0.2878
P2L_S4_C2.1;0009;0.4384;0.6297;0.2730
P2L_S4_C2.1;0018;0.4066;0.6948;0.2701
P2L_S4_C2.1;0016;0.3628;0.6094;0.2684
P2L_S4_C2.1;0020;0.4335;0.6420;0.2858
P2L_S4_C2.1;0012;0.3687;0.6956;0.2588
P2L_S4_C2.1;0004;0.4621;0.6391;0.2964
P2L_S4_C2.2;0022;0.3962;0.6988;0.2846
P2L_S4_C2.2;0003;0.4143;0.8091;0.2260
P2L_S4_C2.2;0015;0.5187;0.8621;0.3307
P2L_S4_C2.2;0021;0.4266;0.7414;0.2735
P2L_S4_C3.1;0028;0.4489;0.6989;0.3261
P2L_S4_C3.1;0013;0.3906;0.6333;0.2785
P2L_S4_C3.1;0014;0.4857;0.6974;0.3560
P2L_S4_C3.1;0005;0.4119;0.5730;0.3192
P2L_S4_C3.1;0029;0.4086;0.7111;0.2696
P2L_S4_C3.1;0011;0.4649;0.5807;0.3363
P2L_S4_C3.1;0024;0.3487;0.5615;0.2399
P2L_S4_C3.1;0025;0.4397;0.7304;0.3039
P2L_S4_C3.1;0023;0.3975;0.4750;0.3431
P2L_S4_C3.1;0026;0.3978;0.4863;0.3128
P2L_S4_C3.1;0027;0.3676;0.5927;0.2574
P2L_S4_C3.1;0002;0.3508;0.5197;0.2676
P2L_S4_C3.1;0006;0.4246;0.6310;0.3096
P2L_S4_C3.1;0010;0.4749;0.7579;0.3700
P2L_S4_C3.1;0007;0.4777;0.6630;0.3566
P2L_S4_C3.1;0019;0.3754;0.5449;0.2738
P2L_S4_C3.1;0017;0.3808;0.6689;0.2711
P2L_S4_C3.1;0030;0.3214;0.6638;0.2006
P2L_S4_C3.1;0001;0.4552;0.6094;0.3562
P2L_S4_C3.1;0009;0.4408;0.6306;0.2715
P2L_S4_C3.1;0018;0.4522;0.6230;0.3376
P2L_S4_C3.1;0016;0.3292;0.4704;0.2538
P2L_S4_C3.1;0020;0.4468;0.7496;0.3297
P2L_S4_C3.1;0012;0.3586;0.4435;0.2702
P2L_S4_C3.1;0004;0.4940;0.6318;0.3968
P2L_S4_C3.2;0022;0.4606;0.6828;0.3323
P2L_S4_C3.2;0003;0.4688;0.7720;0.2654
P2L_S4_C3.2;0015;0.5388;0.7523;0.4016
P2L_S4_C3.2;0021;0.5036;0.7721;0.2783
