VIDEO ID;PERSON ID;AVG;MAX;MIN
P1E_S1_C1;0005;0.85005;0.79165;0.8851
P1E_S1_C1;0013;0.85695;0.79335;0.8976500000000001
P1E_S1_C1;0015;0.7836;0.6576;0.8533999999999999
P1E_S1_C1;0016;0.8903;0.8184;0.92365
P1E_S1_C1;0017;0.8764;0.7892;0.9281
P1E_S1_C1;0019;0.882;0.7894;0.9203
P1E_S1_C1;0021;0.8338;0.74105;0.8873
P1E_S1_C1;0024;0.89105;0.84415;0.90415
P1E_S1_C1;0025;0.8945;0.8593999999999999;0.9133
P1E_S1_C1;0022;0.8763;0.85265;0.9019
P1E_S1_C1;0023;0.85105;0.70065;0.9044
P1E_S1_C1;0018;0.8674;0.8282499999999999;0.8906000000000001
P1E_S1_C1;0001;0.83095;0.70655;0.88545
P1E_S1_C1;0012;0.8573999999999999;0.7742;0.90355
P1E_S1_C1;0010;0.8634999999999999;0.728;0.9147
P1E_S1_C1;0006;0.8392999999999999;0.70465;0.8976500000000001
P1E_S1_C1;0009;0.8602;0.7995;0.891
P1E_S1_C1;0026;0.84545;0.75515;0.88295
P1E_S1_C1;0027;0.86975;0.7914;0.89665
P1E_S1_C1;0007;0.8102;0.74475;0.85585
P1E_S1_C1;0020;0.81015;0.72985;0.86685
P1E_S1_C1;0011;0.8493999999999999;0.7787;0.90035
P1E_S1_C1;0014;0.82655;0.71275;0.8829
P1E_S1_C1;0004;0.80665;0.6388;0.87635
P1E_S1_C2;0005;0.8493999999999999;0.77835;0.88575
P1E_S1_C2;0013;0.8499;0.77115;0.8886499999999999
P1E_S1_C2;0015;0.8008;0.7052499999999999;0.84915
P1E_S1_C2;0016;0.8846;0.81875;0.91135
P1E_S1_C2;0017;0.8667;0.7976;0.9077
P1E_S1_C2;0019;0.8691;0.7232000000000001;0.9084
P1E_S1_C2;0021;0.8269;0.7053499999999999;0.8639
P1E_S1_C2;0024;0.8636;0.8124;0.88895
P1E_S1_C2;0025;0.8734;0.74535;0.9206
P1E_S1_C2;0022;0.85515;0.8306;0.86815
P1E_S1_C2;0023;0.83485;0.76235;0.8813
P1E_S1_C2;0018;0.8579;0.8334;0.881
P1E_S1_C2;0001;0.84075;0.7505999999999999;0.89175
P1E_S1_C2;0012;0.8558;0.8149500000000001;0.883
P1E_S1_C2;0010;0.87505;0.77675;0.9226
P1E_S1_C2;0006;0.8557;0.73595;0.89005
P1E_S1_C2;0009;0.84145;0.80445;0.8688
P1E_S1_C2;0026;0.86085;0.7807999999999999;0.89295
P1E_S1_C2;0027;0.8633;0.8330500000000001;0.8855
P1E_S1_C2;0007;0.8019000000000001;0.7605500000000001;0.83805
P1E_S1_C2;0020;0.7686999999999999;0.7063999999999999;0.81325
P1E_S1_C2;0011;0.842;0.7706;0.89715
P1E_S1_C2;0014;0.84135;0.79265;0.87875
P1E_S1_C2;0004;0.82455;0.7125;0.8882
P1E_S1_C3;0003;0.8402499999999999;0.80425;0.87235
P1E_S1_C3;0005;0.81535;0.7786;0.8315
P1E_S1_C3;0013;0.8104;0.7829;0.827
P1E_S1_C3;0015;0.8074;0.7901;0.81965
P1E_S1_C3;0016;0.86905;0.8507;0.88815
P1E_S1_C3;0017;0.82605;0.79165;0.84185
P1E_S1_C3;0019;0.8613500000000001;0.8452999999999999;0.87305
P1E_S1_C3;0021;0.79425;0.771;0.8109
P1E_S1_C3;0024;0.83395;0.8161499999999999;0.8523499999999999
P1E_S1_C3;0025;0.86665;0.8369;0.89225
P1E_S1_C3;0023;0.77805;0.76415;0.7983
P1E_S1_C3;0018;0.8185;0.7956;0.83365
P1E_S1_C3;0001;0.8132;0.78045;0.84345
P1E_S1_C3;0012;0.8245;0.7837000000000001;0.8523000000000001
P1E_S1_C3;0010;0.8402000000000001;0.8152;0.86505
P1E_S1_C3;0006;0.83645;0.81715;0.858
P1E_S1_C3;0009;0.7922;0.77435;0.8088500000000001
P1E_S1_C3;0026;0.8654;0.84855;0.8818
P1E_S1_C3;0027;0.8357;0.8002;0.86175
P1E_S1_C3;0007;0.7861;0.7682;0.8149
P1E_S1_C3;0020;0.739;0.7085;0.76335
P1E_S1_C3;0011;0.8157;0.79555;0.84145
P1E_S1_C3;0014;0.7985;0.76675;0.8250500000000001
P1E_S1_C3;0004;0.79985;0.7562;0.84885
P1E_S2_C1;0009;0.86395;0.806;0.8989
P1E_S2_C1;0003;0.8564499999999999;0.7582;0.9115
P1E_S2_C1;0017;0.8596;0.749;0.92055
P1E_S2_C1;0005;0.8553999999999999;0.7763;0.8797
P1E_S2_C1;0015;0.78885;0.7061;0.85535
P1E_S2_C1;0024;0.8644000000000001;0.7489;0.90895
P1E_S2_C1;0022;0.82495;0.6931;0.89625
P1E_S2_C1;0019;0.8745;0.7684;0.902
P1E_S2_C1;0021;0.83495;0.7594;0.88025
P1E_S2_C1;0025;0.86515;0.72525;0.9044
P1E_S2_C1;0023;0.8504;0.74385;0.8877
P1E_S2_C1;0026;0.84165;0.72855;0.8857
P1E_S2_C1;0027;0.87905;0.82545;0.92005
P1E_S2_C1;0013;0.87015;0.76915;0.9256
P1E_S2_C1;0020;0.8371999999999999;0.756;0.88265
P1E_S2_C1;0007;0.80235;0.7222;0.8636
P1E_S2_C1;0010;0.82165;0.7362500000000001;0.8835500000000001
P1E_S2_C1;0006;0.8184;0.71665;0.88085
P1E_S2_C1;0011;0.8212;0.7374;0.90465
P1E_S2_C1;0018;0.80745;0.65995;0.883
P1E_S2_C1;0001;0.8276;0.7239;0.8961
P1E_S2_C1;0004;0.7954;0.61615;0.88275
P1E_S2_C1;0012;0.84205;0.7847500000000001;0.8862
P1E_S2_C1;0014;0.7817000000000001;0.6779999999999999;0.8673500000000001
P1E_S2_C2;0009;0.88455;0.8239;0.9164
P1E_S2_C2;0003;0.87335;0.75575;0.91255
P1E_S2_C2;0017;0.89035;0.77695;0.93255
P1E_S2_C2;0005;0.87155;0.8008;0.89725
P1E_S2_C2;0015;0.821;0.7141500000000001;0.86265
P1E_S2_C2;0024;0.87535;0.75095;0.9211
P1E_S2_C2;0022;0.8654;0.77845;0.90825
P1E_S2_C2;0019;0.8996500000000001;0.7902;0.92885
P1E_S2_C2;0021;0.85315;0.7723;0.89385
P1E_S2_C2;0025;0.8855;0.7964;0.9128499999999999
P1E_S2_C2;0023;0.8553;0.7726500000000001;0.902
P1E_S2_C2;0026;0.8598;0.79695;0.8871
P1E_S2_C2;0027;0.90355;0.89685;0.91035
P1E_S2_C2;0013;0.88775;0.7758;0.9262
P1E_S2_C2;0020;0.8467;0.75785;0.90965
P1E_S2_C2;0007;0.83095;0.74305;0.88035
P1E_S2_C2;0010;0.88;0.8274;0.90675
P1E_S2_C2;0006;0.8589;0.7435;0.8985
P1E_S2_C2;0011;0.8529;0.7382;0.9075
P1E_S2_C2;0018;0.85755;0.75625;0.8966
P1E_S2_C2;0001;0.8652;0.7515000000000001;0.9156
P1E_S2_C2;0004;0.8434;0.7401;0.8929
P1E_S2_C2;0012;0.875;0.81175;0.9138
P1E_S2_C2;0014;0.8367;0.75505;0.8858
P1E_S2_C3;0009;0.86805;0.8317;0.9028
P1E_S2_C3;0003;0.8683;0.83545;0.89515
P1E_S2_C3;0017;0.87565;0.827;0.8942
P1E_S2_C3;0005;0.84465;0.8149500000000001;0.8633
P1E_S2_C3;0015;0.8237;0.76065;0.86375
P1E_S2_C3;0024;0.85995;0.83725;0.88935
P1E_S2_C3;0022;0.84715;0.81115;0.87315
P1E_S2_C3;0019;0.887;0.8664000000000001;0.9056
P1E_S2_C3;0021;0.8337;0.78495;0.87535
P1E_S2_C3;0025;0.8734;0.82785;0.90305
P1E_S2_C3;0023;0.7881;0.73865;0.8274
P1E_S2_C3;0026;0.87095;0.85245;0.8913
P1E_S2_C3;0016;0.873;0.8493999999999999;0.88995
P1E_S2_C3;0013;0.87;0.8202;0.89045
P1E_S2_C3;0020;0.83885;0.7706500000000001;0.8849
P1E_S2_C3;0007;0.80205;0.74655;0.8376
P1E_S2_C3;0010;0.84875;0.7812;0.87285
P1E_S2_C3;0006;0.8559;0.7854;0.8889
P1E_S2_C3;0011;0.84425;0.76525;0.88125
P1E_S2_C3;0018;0.8496;0.81245;0.8717
P1E_S2_C3;0001;0.84555;0.78885;0.87595
P1E_S2_C3;0004;0.8392;0.81445;0.85685
P1E_S2_C3;0012;0.86865;0.8452999999999999;0.8846
P1E_S2_C3;0014;0.8341000000000001;0.79165;0.8662
P1E_S3_C1;0015;0.76265;0.6482;0.8257
P1E_S3_C1;0005;0.8316;0.79025;0.86285
P1E_S3_C1;0003;0.83655;0.7212000000000001;0.89355
P1E_S3_C1;0019;0.8368;0.7457;0.8911
P1E_S3_C1;0021;0.8335;0.74995;0.89415
P1E_S3_C1;0017;0.8239;0.72495;0.88645
P1E_S3_C1;0016;0.84475;0.7766;0.89705
P1E_S3_C1;0013;0.8528;0.76475;0.8964
P1E_S3_C1;0009;0.8548;0.7793;0.8888
P1E_S3_C1;0026;0.8064;0.7376;0.8485
P1E_S3_C1;0027;0.8747;0.77185;0.90915
P1E_S3_C1;0014;0.78355;0.7039500000000001;0.8672
P1E_S3_C1;0011;0.8096;0.73915;0.87465
P1E_S3_C1;0001;0.815;0.7243999999999999;0.8892
P1E_S3_C1;0010;0.81125;0.73105;0.8544499999999999
P1E_S3_C1;0012;0.8233;0.7463;0.8673500000000001
P1E_S3_C1;0020;0.7565999999999999;0.6800999999999999;0.8028500000000001
P1E_S3_C1;0024;0.8109500000000001;0.7052;0.89835
P1E_S3_C1;0023;0.81305;0.7132000000000001;0.88745
P1E_S3_C1;0022;0.83175;0.7472;0.89535
P1E_S3_C1;0025;0.80225;0.6604;0.8835500000000001
P1E_S3_C1;0018;0.80545;0.6955;0.8484
P1E_S3_C1;0006;0.77215;0.64165;0.85275
P1E_S3_C1;0004;0.7622;0.6432;0.8633500000000001
P1E_S3_C1;0007;0.7721;0.69655;0.8419
P1E_S3_C2;0015;0.81065;0.7072499999999999;0.8678
P1E_S3_C2;0005;0.8667;0.8065;0.88805
P1E_S3_C2;0003;0.87045;0.77275;0.9224
P1E_S3_C2;0019;0.8669;0.78515;0.90105
P1E_S3_C2;0021;0.8693;0.79545;0.89645
P1E_S3_C2;0017;0.8728;0.731;0.9214
P1E_S3_C2;0016;0.86705;0.79565;0.91005
P1E_S3_C2;0013;0.88385;0.78855;0.92105
P1E_S3_C2;0009;0.87875;0.82945;0.89995
P1E_S3_C2;0026;0.8315;0.78595;0.85995
P1E_S3_C2;0027;0.8996;0.8599;0.92325
P1E_S3_C2;0014;0.83465;0.7382;0.88705
P1E_S3_C2;0011;0.84785;0.77225;0.90115
P1E_S3_C2;0001;0.85775;0.75745;0.9104
P1E_S3_C2;0010;0.86125;0.8062;0.88415
P1E_S3_C2;0012;0.8486;0.79005;0.8802
P1E_S3_C2;0020;0.7914;0.74675;0.82535
P1E_S3_C2;0024;0.854;0.7054;0.90845
P1E_S3_C2;0023;0.85045;0.72085;0.89075
P1E_S3_C2;0022;0.868;0.81745;0.89735
P1E_S3_C2;0025;0.8553999999999999;0.7255499999999999;0.8921
P1E_S3_C2;0018;0.8375;0.7893;0.8644000000000001
P1E_S3_C2;0006;0.83345;0.7261;0.87915
P1E_S3_C2;0004;0.8210999999999999;0.7363;0.8841
P1E_S3_C2;0007;0.8275;0.7281500000000001;0.8746
P1E_S3_C3;0015;0.8219;0.77155;0.8518
P1E_S3_C3;0005;0.88885;0.86;0.9056
P1E_S3_C3;0003;0.89355;0.8518;0.9251
P1E_S3_C3;0019;0.89595;0.84345;0.91805
P1E_S3_C3;0021;0.8804;0.8276;0.9107
P1E_S3_C3;0017;0.89915;0.8243;0.9335
P1E_S3_C3;0016;0.8839;0.86285;0.90025
P1E_S3_C3;0013;0.88795;0.8048;0.9162
P1E_S3_C3;0009;0.8897;0.8628;0.90945
P1E_S3_C3;0026;0.8616;0.8230500000000001;0.88245
P1E_S3_C3;0027;0.9122;0.9004;0.9237
P1E_S3_C3;0014;0.8678;0.78865;0.898
P1E_S3_C3;0011;0.8588;0.7867500000000001;0.91155
P1E_S3_C3;0001;0.8864;0.7989999999999999;0.92335
P1E_S3_C3;0010;0.8858;0.8584499999999999;0.9142
P1E_S3_C3;0012;0.8705499999999999;0.85045;0.883
P1E_S3_C3;0020;0.7943;0.72835;0.83565
P1E_S3_C3;0024;0.8765000000000001;0.779;0.9188000000000001
P1E_S3_C3;0023;0.82585;0.7734;0.84655
P1E_S3_C3;0022;0.85315;0.82135;0.8674
P1E_S3_C3;0025;0.86955;0.82805;0.8906499999999999
P1E_S3_C3;0018;0.84745;0.82345;0.8621
P1E_S3_C3;0006;0.8609;0.8039000000000001;0.88945
P1E_S3_C3;0004;0.8593999999999999;0.8132;0.8896
P1E_S3_C3;0007;0.8526;0.78395;0.88575
P1E_S4_C1;0017;0.84465;0.7438;0.9206
P1E_S4_C1;0019;0.8553;0.7746999999999999;0.9062
P1E_S4_C1;0021;0.83455;0.76045;0.8914
P1E_S4_C1;0015;0.73915;0.6084;0.8184
P1E_S4_C1;0025;0.8210999999999999;0.7101500000000001;0.9122
P1E_S4_C1;0005;0.84915;0.7671;0.8865
P1E_S4_C1;0003;0.8713;0.76995;0.92835
P1E_S4_C1;0013;0.8569;0.79705;0.90615
P1E_S4_C1;0007;0.82475;0.7444500000000001;0.87945
P1E_S4_C1;0020;0.8065;0.74305;0.87275
P1E_S4_C1;0012;0.8412;0.75685;0.89395
P1E_S4_C1;0018;0.80355;0.67155;0.8553
P1E_S4_C1;0024;0.8586;0.75605;0.9198
P1E_S4_C1;0023;0.82165;0.7311000000000001;0.8925
P1E_S4_C1;0022;0.83835;0.726;0.89465
P1E_S4_C1;0010;0.8545;0.75515;0.89395
P1E_S4_C1;0001;0.8301000000000001;0.70955;0.89485
P1E_S4_C1;0009;0.84625;0.77155;0.8934
P1E_S4_C1;0006;0.8136;0.7044;0.8902
P1E_S4_C1;0026;0.82065;0.7286;0.8778
P1E_S4_C1;0027;0.871;0.80845;0.9158
P1E_S4_C1;0016;0.86125;0.77945;0.9019
P1E_S4_C1;0011;0.82755;0.7355499999999999;0.90825
P1E_S4_C1;0014;0.8079000000000001;0.7160500000000001;0.87575
P1E_S4_C1;0004;0.77755;0.6371;0.86585
P1E_S4_C2;0017;0.8707;0.78365;0.9145
P1E_S4_C2;0019;0.8776;0.7775;0.91915
P1E_S4_C2;0021;0.83205;0.7365999999999999;0.8772
P1E_S4_C2;0015;0.7806500000000001;0.6879;0.8223
P1E_S4_C2;0025;0.84105;0.70175;0.9104
P1E_S4_C2;0005;0.8651;0.78205;0.89355
P1E_S4_C2;0003;0.87995;0.80165;0.91435
P1E_S4_C2;0013;0.86275;0.78225;0.90445
P1E_S4_C2;0007;0.83985;0.7655000000000001;0.8872
P1E_S4_C2;0020;0.8250500000000001;0.7685500000000001;0.8827
P1E_S4_C2;0012;0.86405;0.80345;0.89815
P1E_S4_C2;0018;0.8382499999999999;0.7772;0.86295
P1E_S4_C2;0024;0.86995;0.79445;0.9036
P1E_S4_C2;0023;0.8143;0.7057;0.8748
P1E_S4_C2;0022;0.8593500000000001;0.8148;0.88515
P1E_S4_C2;0010;0.8768;0.8150999999999999;0.9141
P1E_S4_C2;0001;0.85955;0.75075;0.9043
P1E_S4_C2;0009;0.8706;0.80245;0.9003
P1E_S4_C2;0006;0.8569;0.7893;0.8924
P1E_S4_C2;0026;0.84585;0.757;0.88195
P1E_S4_C2;0027;0.87195;0.8190999999999999;0.90545
P1E_S4_C2;0016;0.87405;0.8058;0.8981
P1E_S4_C2;0011;0.8498;0.7493000000000001;0.90855
P1E_S4_C2;0014;0.8354;0.748;0.8806
P1E_S4_C2;0004;0.8153;0.6802;0.8698
P1E_S4_C3;0017;0.8347;0.78335;0.85865
P1E_S4_C3;0019;0.86515;0.8497;0.88575
P1E_S4_C3;0021;0.80535;0.76805;0.8284
P1E_S4_C3;0015;0.78325;0.7542;0.8220000000000001
P1E_S4_C3;0025;0.8564;0.7561;0.8869
P1E_S4_C3;0005;0.82235;0.7843;0.85865
P1E_S4_C3;0003;0.8411;0.8007;0.86365
P1E_S4_C3;0013;0.83705;0.8009;0.87275
P1E_S4_C3;0007;0.8107;0.76385;0.8374
P1E_S4_C3;0020;0.7899;0.75925;0.81345
P1E_S4_C3;0012;0.84265;0.8247;0.8592500000000001
P1E_S4_C3;0018;0.80115;0.75665;0.83835
P1E_S4_C3;0024;0.8464;0.8242;0.8623000000000001
P1E_S4_C3;0023;0.7628;0.7208;0.79255
P1E_S4_C3;0022;0.8259;0.8041;0.84165
P1E_S4_C3;0010;0.8402000000000001;0.8048500000000001;0.87605
P1E_S4_C3;0001;0.83345;0.79115;0.8563000000000001
P1E_S4_C3;0009;0.8383;0.74795;0.8858
P1E_S4_C3;0006;0.8386;0.8129;0.8636
P1E_S4_C3;0026;0.8604;0.81665;0.88475
P1E_S4_C3;0027;0.85155;0.8143;0.8775
P1E_S4_C3;0016;0.85175;0.8183;0.87585
P1E_S4_C3;0011;0.84475;0.7988;0.88365
P1E_S4_C3;0014;0.81625;0.7898000000000001;0.8382000000000001
P1E_S4_C3;0004;0.7988;0.70755;0.8394
P1L_S1_C1;0014;0.80525;0.7039500000000001;0.8657
P1L_S1_C1;0020;0.8566;0.7675;0.916
P1L_S1_C1;0006;0.83445;0.73375;0.8962
P1L_S1_C1;0011;0.85855;0.79225;0.91625
P1L_S1_C1;0005;0.87625;0.83555;0.9264
P1L_S1_C1;0027;0.8557;0.80855;0.9062
P1L_S1_C1;0026;0.84395;0.7688;0.88535
P1L_S1_C1;0018;0.8117;0.75935;0.87225
P1L_S1_C1;0009;0.8445;0.80255;0.88435
P1L_S1_C1;0021;0.8507;0.7936;0.9086
P1L_S1_C1;0019;0.8527;0.7577;0.9155
P1L_S1_C1;0007;0.84535;0.7843;0.89805
P1L_S1_C1;0012;0.84285;0.7891;0.88085
P1L_S1_C1;0015;0.78425;0.7224999999999999;0.8403
P1L_S1_C1;0017;0.8874;0.8291999999999999;0.9437
P1L_S1_C1;0016;0.8712;0.82595;0.91505
P1L_S1_C1;0013;0.87435;0.80335;0.9206
P1L_S1_C1;0004;0.81175;0.75755;0.8694999999999999
P1L_S1_C1;0001;0.8552500000000001;0.7873;0.9094
P1L_S1_C1;0003;0.87065;0.8022;0.93155
P1L_S1_C1;0022;0.8262;0.7537;0.8713
P1L_S1_C1;0010;0.84615;0.7992;0.90885
P1L_S1_C1;0024;0.8697;0.7754;0.92505
P1L_S1_C1;0025;0.8454;0.7616;0.9077999999999999
P1L_S1_C1;0023;0.8371;0.7612;0.91235
P1L_S1_C2;0014;0.8254;0.74075;0.88705
P1L_S1_C2;0020;0.83455;0.75405;0.8835
P1L_S1_C2;0006;0.83665;0.7783;0.8899
P1L_S1_C2;0011;0.84895;0.7749;0.89665
P1L_S1_C2;0005;0.86095;0.81515;0.91075
P1L_S1_C2;0027;0.85475;0.8215;0.9106
P1L_S1_C2;0026;0.8512;0.78955;0.8918
P1L_S1_C2;0018;0.79525;0.7371;0.86155
P1L_S1_C2;0009;0.8512500000000001;0.8100499999999999;0.88465
P1L_S1_C2;0021;0.8423;0.7868999999999999;0.8869
P1L_S1_C2;0019;0.85355;0.80425;0.9155
P1L_S1_C2;0007;0.83275;0.7545999999999999;0.87
P1L_S1_C2;0012;0.84395;0.7851;0.8896
P1L_S1_C2;0015;0.7733;0.67275;0.81625
P1L_S1_C2;0017;0.8729;0.7866;0.90035
P1L_S1_C2;0016;0.86515;0.84005;0.90195
P1L_S1_C2;0013;0.8684499999999999;0.77045;0.9116
P1L_S1_C2;0004;0.7911;0.7303999999999999;0.85765
P1L_S1_C2;0001;0.8434;0.7555499999999999;0.88895
P1L_S1_C2;0003;0.8505;0.79855;0.9026
P1L_S1_C2;0022;0.8308;0.73485;0.87365
P1L_S1_C2;0010;0.8481;0.8164;0.8964
P1L_S1_C2;0024;0.86295;0.80155;0.91305
P1L_S1_C2;0025;0.85;0.76485;0.9026
P1L_S1_C2;0023;0.82595;0.76785;0.8874
P1L_S1_C3;0014;0.79875;0.72795;0.8198
P1L_S1_C3;0020;0.81105;0.78495;0.8325
P1L_S1_C3;0006;0.8139000000000001;0.7938000000000001;0.8379
P1L_S1_C3;0011;0.82635;0.7931;0.84815
P1L_S1_C3;0005;0.84945;0.8222;0.87425
P1L_S1_C3;0027;0.82575;0.7852;0.8551
P1L_S1_C3;0026;0.8473999999999999;0.788;0.877
P1L_S1_C3;0018;0.77385;0.73285;0.8054
P1L_S1_C3;0009;0.81675;0.75755;0.8532500000000001
P1L_S1_C3;0021;0.8017;0.7717499999999999;0.82695
P1L_S1_C3;0019;0.8348;0.78315;0.8654999999999999
P1L_S1_C3;0007;0.8081;0.783;0.83345
P1L_S1_C3;0012;0.8234;0.7605500000000001;0.8503499999999999
P1L_S1_C3;0015;0.741;0.7016;0.7734
P1L_S1_C3;0017;0.84035;0.82355;0.865
P1L_S1_C3;0016;0.82315;0.75695;0.8641
P1L_S1_C3;0013;0.8542;0.83325;0.87045
P1L_S1_C3;0004;0.7548;0.7121;0.80165
P1L_S1_C3;0001;0.82185;0.7563;0.85825
P1L_S1_C3;0003;0.8311999999999999;0.7928;0.87725
P1L_S1_C3;0022;0.8222;0.7919499999999999;0.84915
P1L_S1_C3;0010;0.81685;0.8028;0.82895
P1L_S1_C3;0024;0.85415;0.8392999999999999;0.86675
P1L_S1_C3;0025;0.82835;0.7943;0.8555
P1L_S1_C3;0023;0.79985;0.7677;0.82675
P1L_S2_C1;0014;0.7805;0.6345000000000001;0.8547
P1L_S2_C1;0020;0.8016;0.7165;0.8502000000000001
P1L_S2_C1;0003;0.85625;0.74535;0.9162
P1L_S2_C1;0005;0.85395;0.789;0.8947
P1L_S2_C1;0011;0.8458;0.71475;0.9018
P1L_S2_C1;0021;0.84005;0.76315;0.8771
P1L_S2_C1;0012;0.81865;0.7605999999999999;0.866
P1L_S2_C1;0027;0.8589;0.8088;0.90225
P1L_S2_C1;0026;0.8267;0.7657499999999999;0.88035
P1L_S2_C1;0019;0.84545;0.7591;0.9022
P1L_S2_C1;0016;0.86895;0.8293;0.8908
P1L_S2_C1;0007;0.8266;0.7699;0.86965
P1L_S2_C1;0013;0.85995;0.79155;0.88905
P1L_S2_C1;0001;0.8445;0.76475;0.90585
P1L_S2_C1;0017;0.8617;0.80315;0.9052
P1L_S2_C1;0018;0.81315;0.7464999999999999;0.88495
P1L_S2_C1;0015;0.7555000000000001;0.6910000000000001;0.79545
P1L_S2_C1;0010;0.8241499999999999;0.7185;0.89045
P1L_S2_C1;0006;0.7994;0.6906;0.8678
P1L_S2_C1;0009;0.83495;0.7867999999999999;0.87205
P1L_S2_C1;0004;0.7946;0.68955;0.8564
P1L_S2_C1;0024;0.8497;0.7355;0.8952
P1L_S2_C1;0022;0.83165;0.7892;0.87065
P1L_S2_C1;0025;0.81185;0.7121500000000001;0.8837
P1L_S2_C1;0023;0.83675;0.7625;0.90575
P1L_S2_C2;0014;0.8242;0.69845;0.87805
P1L_S2_C2;0020;0.80745;0.7133;0.8707
P1L_S2_C2;0003;0.86105;0.79495;0.91515
P1L_S2_C2;0005;0.87215;0.80055;0.9238
P1L_S2_C2;0011;0.8601;0.77555;0.92345
P1L_S2_C2;0021;0.8584;0.78825;0.9124
P1L_S2_C2;0012;0.829;0.76525;0.87925
P1L_S2_C2;0027;0.86675;0.8006;0.91935
P1L_S2_C2;0026;0.83785;0.7726;0.88215
P1L_S2_C2;0019;0.8629;0.7979;0.9294
P1L_S2_C2;0016;0.865;0.82035;0.8968
P1L_S2_C2;0007;0.8479;0.73255;0.90365
P1L_S2_C2;0013;0.8693;0.7652;0.92295
P1L_S2_C2;0001;0.83255;0.73995;0.90315
P1L_S2_C2;0017;0.8748;0.7916;0.93035
P1L_S2_C2;0018;0.8147;0.7364999999999999;0.8755
P1L_S2_C2;0015;0.7644;0.69355;0.8282499999999999
P1L_S2_C2;0010;0.855;0.8174;0.8845
P1L_S2_C2;0006;0.8197;0.75335;0.8692
P1L_S2_C2;0009;0.8406;0.7878000000000001;0.8914
P1L_S2_C2;0004;0.7912;0.67205;0.85665
P1L_S2_C2;0024;0.8575;0.7785;0.9095
P1L_S2_C2;0022;0.84195;0.8064;0.8844
P1L_S2_C2;0025;0.83945;0.75995;0.8979
P1L_S2_C2;0023;0.8344;0.7226;0.91155
P1L_S2_C3;0014;0.825;0.7283;0.87015
P1L_S2_C3;0020;0.80545;0.75235;0.8367
P1L_S2_C3;0003;0.8544499999999999;0.79035;0.89525
P1L_S2_C3;0005;0.87045;0.7967;0.9007499999999999
P1L_S2_C3;0011;0.8656;0.77535;0.89865
P1L_S2_C3;0021;0.84095;0.7222;0.88695
P1L_S2_C3;0012;0.83075;0.78815;0.8593
P1L_S2_C3;0027;0.8546;0.8176;0.8912
P1L_S2_C3;0026;0.8371999999999999;0.787;0.8726
P1L_S2_C3;0019;0.86775;0.83125;0.9007000000000001
P1L_S2_C3;0016;0.8466;0.7898000000000001;0.8769
P1L_S2_C3;0007;0.84195;0.79335;0.87175
P1L_S2_C3;0013;0.8792;0.8452;0.90805
P1L_S2_C3;0001;0.831;0.77415;0.8765499999999999
P1L_S2_C3;0017;0.8672;0.8260000000000001;0.9104
P1L_S2_C3;0018;0.8155;0.7622;0.8593
P1L_S2_C3;0015;0.781;0.6960500000000001;0.8167
P1L_S2_C3;0010;0.83655;0.7847500000000001;0.87385
P1L_S2_C3;0006;0.7963;0.75005;0.8341000000000001
P1L_S2_C3;0009;0.82935;0.7648;0.8691
P1L_S2_C3;0004;0.7819;0.7365999999999999;0.8369
P1L_S2_C3;0024;0.8646;0.8163;0.9069
P1L_S2_C3;0022;0.82425;0.73165;0.87205
P1L_S2_C3;0025;0.8437;0.7954;0.87845
P1L_S2_C3;0023;0.817;0.78225;0.8497
P1L_S3_C1;0003;0.83805;0.7435499999999999;0.88495
P1L_S3_C1;0013;0.84855;0.7937;0.88245
P1L_S3_C1;0020;0.7766;0.6692;0.8256
P1L_S3_C1;0006;0.78645;0.6920999999999999;0.84545
P1L_S3_C1;0019;0.8362499999999999;0.7293000000000001;0.883
P1L_S3_C1;0011;0.82675;0.7741;0.8772
P1L_S3_C1;0021;0.83655;0.76425;0.87755
P1L_S3_C1;0024;0.8432999999999999;0.7704;0.8811
P1L_S3_C1;0023;0.82465;0.75675;0.87755
P1L_S3_C1;0022;0.8196;0.7702;0.85545
P1L_S3_C1;0025;0.8138;0.71505;0.8873
P1L_S3_C1;0010;0.83585;0.8008;0.8765499999999999
P1L_S3_C1;0018;0.79445;0.65985;0.86205
P1L_S3_C1;0016;0.8543000000000001;0.8091;0.88485
P1L_S3_C1;0026;0.836;0.76675;0.88685
P1L_S3_C1;0027;0.7732;0.6133500000000001;0.877
P1L_S3_C1;0015;0.7727999999999999;0.6648499999999999;0.8198
P1L_S3_C1;0005;0.8414;0.8054;0.86605
P1L_S3_C1;0009;0.83695;0.75425;0.8769
P1L_S3_C1;0007;0.80915;0.7527;0.8547
P1L_S3_C1;0012;0.8379;0.81115;0.87265
P1L_S3_C1;0004;0.7884;0.63115;0.8758
P1L_S3_C1;0014;0.79155;0.71985;0.84655
P1L_S3_C1;0017;0.8443;0.76125;0.88725
P1L_S3_C1;0001;0.84455;0.76675;0.88255
P1L_S3_C2;0003;0.84535;0.75275;0.89435
P1L_S3_C2;0013;0.86315;0.7638;0.9015
P1L_S3_C2;0020;0.7908;0.7;0.82895
P1L_S3_C2;0006;0.81025;0.75465;0.84475
P1L_S3_C2;0019;0.85065;0.7255499999999999;0.90925
P1L_S3_C2;0011;0.8367;0.76335;0.8936999999999999
P1L_S3_C2;0021;0.85595;0.79165;0.8944
P1L_S3_C2;0024;0.85615;0.75625;0.91065
P1L_S3_C2;0023;0.8377;0.7614;0.8996999999999999
P1L_S3_C2;0022;0.8307;0.76275;0.8833
P1L_S3_C2;0025;0.8414;0.7414000000000001;0.89555
P1L_S3_C2;0010;0.84705;0.7894;0.8971
P1L_S3_C2;0018;0.8136;0.7287;0.89405
P1L_S3_C2;0016;0.86585;0.83155;0.8914
P1L_S3_C2;0026;0.8354;0.76155;0.88915
P1L_S3_C2;0027;0.80115;0.6242;0.88525
P1L_S3_C2;0015;0.7907500000000001;0.7121999999999999;0.85085
P1L_S3_C2;0005;0.8552500000000001;0.8025;0.898
P1L_S3_C2;0009;0.8616;0.82135;0.8952
P1L_S3_C2;0007;0.82635;0.74255;0.8834
P1L_S3_C2;0012;0.8454;0.81475;0.8805000000000001
P1L_S3_C2;0004;0.7782;0.6154;0.8815999999999999
P1L_S3_C2;0014;0.8039000000000001;0.7335499999999999;0.85405
P1L_S3_C2;0017;0.85695;0.7504;0.90095
P1L_S3_C2;0001;0.8397;0.7141;0.90705
P1L_S3_C3;0003;0.8826;0.81255;0.91785
P1L_S3_C3;0013;0.8873;0.855;0.9175
P1L_S3_C3;0020;0.82165;0.7569;0.85145
P1L_S3_C3;0006;0.8032;0.76465;0.8306
P1L_S3_C3;0019;0.8747;0.8221499999999999;0.9188000000000001
P1L_S3_C3;0011;0.8609;0.80755;0.89295
P1L_S3_C3;0021;0.8634999999999999;0.7973;0.8925
P1L_S3_C3;0024;0.882;0.8412999999999999;0.92115
P1L_S3_C3;0023;0.83945;0.7547;0.8974
P1L_S3_C3;0022;0.8403;0.79975;0.8634
P1L_S3_C3;0025;0.85425;0.79605;0.89115
P1L_S3_C3;0010;0.859;0.7494000000000001;0.8875
P1L_S3_C3;0018;0.83215;0.7696000000000001;0.87205
P1L_S3_C3;0016;0.8637;0.8139000000000001;0.91195
P1L_S3_C3;0026;0.8543499999999999;0.8056;0.90665
P1L_S3_C3;0027;0.86055;0.80265;0.8869
P1L_S3_C3;0015;0.80095;0.738;0.84545
P1L_S3_C3;0005;0.8803;0.85215;0.8982
P1L_S3_C3;0009;0.8643000000000001;0.8324;0.88735
P1L_S3_C3;0007;0.8602;0.8077;0.89095
P1L_S3_C3;0012;0.8647;0.8317;0.88495
P1L_S3_C3;0004;0.81455;0.751;0.85145
P1L_S3_C3;0014;0.80935;0.75815;0.84265
P1L_S3_C3;0017;0.88495;0.8299;0.90805
P1L_S3_C3;0001;0.85535;0.7778;0.89465
P1L_S4_C1;0020;0.8117;0.72385;0.89465
P1L_S4_C1;0014;0.79575;0.6745;0.8745
P1L_S4_C1;0003;0.85985;0.7182999999999999;0.9189
P1L_S4_C1;0005;0.8564;0.7515499999999999;0.904
P1L_S4_C1;0011;0.8384;0.7272000000000001;0.9182
P1L_S4_C1;0022;0.83455;0.77995;0.8848
P1L_S4_C1;0021;0.83405;0.6737500000000001;0.8932
P1L_S4_C1;0013;0.8724000000000001;0.78295;0.9186
P1L_S4_C1;0016;0.8723;0.8358;0.9014
P1L_S4_C1;0018;0.8145;0.7419;0.90255
P1L_S4_C1;0023;0.8270500000000001;0.7423;0.90645
P1L_S4_C1;0024;0.8673;0.8087;0.90555
P1L_S4_C1;0025;0.8273;0.70275;0.909
P1L_S4_C1;0027;0.8316;0.6938;0.9008
P1L_S4_C1;0026;0.82385;0.7518;0.8895
P1L_S4_C1;0015;0.7958000000000001;0.72785;0.8637
P1L_S4_C1;0010;0.8427;0.7593;0.9077
P1L_S4_C1;0012;0.8544;0.8124;0.8948
P1L_S4_C1;0009;0.8476;0.7585999999999999;0.8827
P1L_S4_C1;0019;0.85545;0.7254499999999999;0.9281
P1L_S4_C1;0007;0.84035;0.7335499999999999;0.9082
P1L_S4_C1;0006;0.7996;0.70985;0.87175
P1L_S4_C1;0017;0.8693;0.76085;0.9205
P1L_S4_C1;0001;0.8472500000000001;0.71975;0.91395
P1L_S4_C1;0004;0.81025;0.74085;0.8741
P1L_S4_C2;0020;0.81875;0.7364999999999999;0.8973
P1L_S4_C2;0014;0.8199;0.6829000000000001;0.8988
P1L_S4_C2;0003;0.86405;0.7954;0.92955
P1L_S4_C2;0005;0.8703;0.8081;0.91
P1L_S4_C2;0011;0.86285;0.79775;0.9293
P1L_S4_C2;0022;0.82895;0.78005;0.8757
P1L_S4_C2;0021;0.8592;0.7999499999999999;0.9164
P1L_S4_C2;0013;0.86925;0.78295;0.9257
P1L_S4_C2;0016;0.8734500000000001;0.82575;0.90515
P1L_S4_C2;0018;0.81665;0.7383;0.8889
P1L_S4_C2;0023;0.8315;0.7263999999999999;0.91105
P1L_S4_C2;0024;0.8624499999999999;0.78175;0.9176
P1L_S4_C2;0025;0.86265;0.8271;0.89955
P1L_S4_C2;0027;0.83635;0.64175;0.91645
P1L_S4_C2;0026;0.8372999999999999;0.75925;0.8926499999999999
P1L_S4_C2;0015;0.80095;0.6934;0.8681
P1L_S4_C2;0010;0.8464;0.7907500000000001;0.9048
P1L_S4_C2;0012;0.85615;0.81085;0.9059
P1L_S4_C2;0009;0.8559;0.8207;0.8813
P1L_S4_C2;0019;0.8657;0.7445999999999999;0.9252
P1L_S4_C2;0007;0.8586;0.78565;0.9019
P1L_S4_C2;0006;0.81725;0.7233;0.86435
P1L_S4_C2;0017;0.874;0.7876;0.92435
P1L_S4_C2;0001;0.84445;0.73135;0.9112
P1L_S4_C2;0004;0.7852;0.7020500000000001;0.8684000000000001
P1L_S4_C3;0020;0.8201;0.7571;0.86275
P1L_S4_C3;0014;0.8144;0.7429;0.8662
P1L_S4_C3;0003;0.84275;0.7908999999999999;0.8877
P1L_S4_C3;0005;0.8504;0.78895;0.88465
P1L_S4_C3;0011;0.8548;0.78595;0.8875
P1L_S4_C3;0022;0.81585;0.74325;0.84945
P1L_S4_C3;0021;0.8426;0.7968999999999999;0.86305
P1L_S4_C3;0013;0.86225;0.83385;0.8935
P1L_S4_C3;0016;0.85415;0.813;0.8797
P1L_S4_C3;0018;0.8006;0.76025;0.8478
P1L_S4_C3;0023;0.80045;0.7576;0.8358
P1L_S4_C3;0024;0.86605;0.84405;0.8877
P1L_S4_C3;0025;0.83885;0.79525;0.8745499999999999
P1L_S4_C3;0027;0.853;0.8071;0.8938
P1L_S4_C3;0026;0.8578;0.7939;0.8904
P1L_S4_C3;0015;0.7907500000000001;0.7015;0.82865
P1L_S4_C3;0010;0.83745;0.7645500000000001;0.87175
P1L_S4_C3;0012;0.84565;0.81325;0.86505
P1L_S4_C3;0009;0.8250500000000001;0.7619;0.85355
P1L_S4_C3;0019;0.8617;0.8277;0.88725
P1L_S4_C3;0007;0.8274;0.79325;0.84735
P1L_S4_C3;0006;0.7919;0.76205;0.8273
P1L_S4_C3;0017;0.8536;0.80465;0.8869
P1L_S4_C3;0001;0.85475;0.80155;0.8967
P1L_S4_C3;0004;0.7657499999999999;0.67255;0.817
P2E_S1_C1.1;0028;0.76675;0.71775;0.80495
P2E_S1_C1.1;0005;0.7806;0.76065;0.7901
P2E_S1_C1.1;0030;0.8130999999999999;0.8079000000000001;0.81925
P2E_S1_C1.1;0024;0.8106;0.78535;0.83075
P2E_S1_C1.1;0025;0.766;0.73055;0.82565
P2E_S1_C1.1;0023;0.7919499999999999;0.76445;0.8209
P2E_S1_C1.1;0020;0.73595;0.6738500000000001;0.77495
P2E_S1_C1.1;0019;0.7646;0.7538;0.7789
P2E_S1_C1.1;0011;0.7504;0.6891;0.78745
P2E_S1_C1.1;0007;0.7312000000000001;0.6871499999999999;0.75385
P2E_S1_C1.2;0015;0.7161;0.6779999999999999;0.75
P2E_S1_C1.2;0021;0.79925;0.75795;0.8253
P2E_S1_C1.2;0002;0.8140000000000001;0.7847;0.8446
P2E_S1_C1.2;0022;0.8037;0.77215;0.82965
P2E_S1_C1.2;0003;0.7879;0.74615;0.81585
P2E_S1_C2.1;0014;0.78715;0.7253000000000001;0.82605
P2E_S1_C2.1;0028;0.80635;0.7374;0.87795
P2E_S1_C2.1;0013;0.82455;0.7932;0.8529
P2E_S1_C2.1;0005;0.8189;0.7786;0.8687
P2E_S1_C2.1;0030;0.81945;0.76005;0.8708
P2E_S1_C2.1;0029;0.80375;0.7414000000000001;0.86065
P2E_S1_C2.1;0001;0.79955;0.75285;0.852
P2E_S1_C2.1;0009;0.8099000000000001;0.75265;0.8647
P2E_S1_C2.1;0024;0.83815;0.7887500000000001;0.88105
P2E_S1_C2.1;0025;0.79555;0.7112;0.8541
P2E_S1_C2.1;0023;0.8060499999999999;0.75625;0.8678
P2E_S1_C2.1;0020;0.7913;0.7271000000000001;0.84865
P2E_S1_C2.1;0010;0.7789;0.7170000000000001;0.83185
P2E_S1_C2.1;0019;0.79215;0.7413000000000001;0.85575
P2E_S1_C2.1;0006;0.80745;0.7584500000000001;0.86375
P2E_S1_C2.1;0018;0.76665;0.7149;0.8457
P2E_S1_C2.1;0026;0.7958000000000001;0.73245;0.8369
P2E_S1_C2.1;0027;0.8331;0.7877000000000001;0.8714500000000001
P2E_S1_C2.1;0017;0.8310500000000001;0.8084;0.86095
P2E_S1_C2.1;0011;0.77385;0.7181500000000001;0.8199
P2E_S1_C2.1;0007;0.75435;0.69945;0.7936
P2E_S1_C2.1;0016;0.8204;0.7759;0.8901
P2E_S1_C2.1;0012;0.82575;0.7542;0.87325
P2E_S1_C2.1;0004;0.75705;0.7021999999999999;0.8258
P2E_S1_C2.2;0015;0.7302500000000001;0.6859;0.7792
P2E_S1_C2.2;0021;0.7959499999999999;0.73475;0.8381000000000001
P2E_S1_C2.2;0002;0.8128;0.7625500000000001;0.8492
P2E_S1_C2.2;0022;0.8041;0.76355;0.86885
P2E_S1_C2.2;0003;0.80125;0.75505;0.85215
P2E_S1_C3.1;0014;0.8170999999999999;0.74885;0.8603000000000001
P2E_S1_C3.1;0028;0.8082;0.7345999999999999;0.86215
P2E_S1_C3.1;0013;0.8436;0.7919;0.88165
P2E_S1_C3.1;0005;0.82785;0.77875;0.88955
P2E_S1_C3.1;0030;0.83925;0.7706500000000001;0.8896
P2E_S1_C3.1;0029;0.8226;0.7518;0.8681
P2E_S1_C3.1;0001;0.82785;0.78515;0.8843
P2E_S1_C3.1;0009;0.83065;0.79495;0.88115
P2E_S1_C3.1;0024;0.84715;0.80045;0.90165
P2E_S1_C3.1;0025;0.82785;0.73915;0.89795
P2E_S1_C3.1;0023;0.82775;0.77335;0.8899
P2E_S1_C3.1;0020;0.8065;0.73065;0.88495
P2E_S1_C3.1;0010;0.80045;0.7281;0.8682
P2E_S1_C3.1;0019;0.8286;0.7403500000000001;0.90605
P2E_S1_C3.1;0006;0.831;0.7726500000000001;0.8785499999999999
P2E_S1_C3.1;0018;0.78905;0.7056;0.8765499999999999
P2E_S1_C3.1;0026;0.7883;0.7405999999999999;0.8416
P2E_S1_C3.1;0027;0.8489;0.79645;0.90265
P2E_S1_C3.1;0017;0.85265;0.79015;0.8994
P2E_S1_C3.1;0011;0.78765;0.74085;0.83375
P2E_S1_C3.1;0007;0.78775;0.7283999999999999;0.85895
P2E_S1_C3.1;0016;0.8282499999999999;0.7702;0.8843
P2E_S1_C3.1;0012;0.8342499999999999;0.78325;0.8852
P2E_S1_C3.1;0004;0.76955;0.70255;0.81975
P2E_S1_C3.2;0015;0.7418;0.68275;0.8069999999999999
P2E_S1_C3.2;0021;0.815;0.69885;0.8983
P2E_S1_C3.2;0002;0.8204;0.7101;0.8903
P2E_S1_C3.2;0022;0.8017;0.7697499999999999;0.84455
P2E_S1_C3.2;0003;0.81855;0.76085;0.9132
P2E_S2_C1.1;0013;0.831;0.80035;0.8604
P2E_S2_C1.1;0014;0.78965;0.74405;0.82385
P2E_S2_C1.1;0028;0.7952;0.70975;0.852
P2E_S2_C1.1;0029;0.77815;0.7331;0.8291
P2E_S2_C1.1;0007;0.7536499999999999;0.7052;0.7854
P2E_S2_C1.1;0018;0.7434000000000001;0.68695;0.7843
P2E_S2_C1.1;0024;0.8264;0.78615;0.87375
P2E_S2_C1.1;0025;0.7918499999999999;0.71625;0.8822
P2E_S2_C1.1;0023;0.8052;0.7674;0.8518
P2E_S2_C1.1;0010;0.7701;0.6911499999999999;0.83535
P2E_S2_C1.1;0020;0.77385;0.721;0.8235
P2E_S2_C1.1;0011;0.76025;0.7101500000000001;0.8351999999999999
P2E_S2_C1.1;0006;0.80575;0.7677;0.86235
P2E_S2_C1.1;0001;0.7905;0.7031000000000001;0.86095
P2E_S2_C1.1;0026;0.79785;0.71915;0.8471
P2E_S2_C1.1;0027;0.84145;0.80325;0.8866
P2E_S2_C1.1;0016;0.80735;0.75935;0.8698
P2E_S2_C1.1;0017;0.8330500000000001;0.7846;0.87645
P2E_S2_C1.1;0009;0.8078;0.75605;0.85795
P2E_S2_C1.1;0019;0.7857000000000001;0.69845;0.87835
P2E_S2_C1.1;0005;0.7882;0.7384;0.83775
P2E_S2_C1.1;0030;0.79585;0.7374499999999999;0.8564499999999999
P2E_S2_C1.1;0004;0.7697499999999999;0.7221500000000001;0.8225
P2E_S2_C1.2;0022;0.8045;0.7621;0.85205
P2E_S2_C1.2;0015;0.7269;0.6894;0.7585500000000001
P2E_S2_C1.2;0021;0.7973;0.7505999999999999;0.84365
P2E_S2_C1.2;0002;0.8142;0.77755;0.84215
P2E_S2_C1.2;0003;0.79915;0.7362;0.8346
P2E_S2_C2.1;0013;0.8331;0.76625;0.89795
P2E_S2_C2.1;0014;0.80455;0.7090000000000001;0.8645
P2E_S2_C2.1;0028;0.8023;0.71275;0.8762
P2E_S2_C2.1;0029;0.8012;0.747;0.8766
P2E_S2_C2.1;0007;0.76215;0.6925;0.85635
P2E_S2_C2.1;0018;0.7455;0.66595;0.7992
P2E_S2_C2.1;0024;0.8493999999999999;0.7792;0.9164
P2E_S2_C2.1;0025;0.82025;0.7278;0.90025
P2E_S2_C2.1;0023;0.8089500000000001;0.70985;0.8784
P2E_S2_C2.1;0010;0.7848999999999999;0.7134;0.86805
P2E_S2_C2.1;0020;0.79865;0.74985;0.8679
P2E_S2_C2.1;0011;0.7717499999999999;0.7224999999999999;0.8221
P2E_S2_C2.1;0006;0.82245;0.76665;0.86755
P2E_S2_C2.1;0001;0.8206;0.77255;0.8843
P2E_S2_C2.1;0026;0.7958000000000001;0.74315;0.83255
P2E_S2_C2.1;0027;0.85075;0.72465;0.90865
P2E_S2_C2.1;0016;0.80255;0.7542;0.8934
P2E_S2_C2.1;0017;0.84085;0.7841;0.8976
P2E_S2_C2.1;0009;0.8117;0.7679;0.87245
P2E_S2_C2.1;0012;0.8132;0.77385;0.8427
P2E_S2_C2.1;0019;0.81965;0.7433000000000001;0.9032
P2E_S2_C2.1;0005;0.81485;0.74975;0.88135
P2E_S2_C2.1;0030;0.8061;0.75315;0.86155
P2E_S2_C2.1;0004;0.78105;0.7162;0.85395
P2E_S2_C2.2;0022;0.7989999999999999;0.7503;0.8752
P2E_S2_C2.2;0015;0.73335;0.6673;0.83355
P2E_S2_C2.2;0021;0.79815;0.71975;0.8911
P2E_S2_C2.2;0002;0.8177;0.75605;0.8896
P2E_S2_C2.2;0003;0.80575;0.7558;0.8896
P2E_S2_C3.1;0013;0.81775;0.78225;0.84695
P2E_S2_C3.1;0014;0.7622;0.69955;0.8180499999999999
P2E_S2_C3.1;0028;0.77445;0.69465;0.8251999999999999
P2E_S2_C3.1;0029;0.772;0.71865;0.84255
P2E_S2_C3.1;0007;0.73575;0.67945;0.7897000000000001
P2E_S2_C3.1;0018;0.73925;0.6646000000000001;0.7987
P2E_S2_C3.1;0024;0.8311999999999999;0.7908999999999999;0.8668
P2E_S2_C3.1;0025;0.78485;0.7035;0.8722
P2E_S2_C3.1;0023;0.79255;0.74105;0.8284
P2E_S2_C3.1;0010;0.7638;0.69095;0.84615
P2E_S2_C3.1;0020;0.76795;0.71765;0.8338
P2E_S2_C3.1;0011;0.7571;0.71235;0.79805
P2E_S2_C3.1;0006;0.7974;0.74615;0.8417
P2E_S2_C3.1;0001;0.8083;0.77025;0.8404
P2E_S2_C3.1;0026;0.7861;0.7014;0.83875
P2E_S2_C3.1;0027;0.8363;0.7383;0.89
P2E_S2_C3.1;0016;0.79385;0.7471;0.88505
P2E_S2_C3.1;0017;0.8109;0.7545999999999999;0.86795
P2E_S2_C3.1;0009;0.7998000000000001;0.74785;0.83945
P2E_S2_C3.1;0012;0.8092;0.7676000000000001;0.8565
P2E_S2_C3.1;0019;0.8109;0.7715;0.8951
P2E_S2_C3.1;0005;0.79785;0.7563;0.8518
P2E_S2_C3.1;0030;0.78295;0.67595;0.84905
P2E_S2_C3.1;0004;0.7556;0.67485;0.83605
P2E_S2_C3.2;0022;0.7807999999999999;0.7162;0.8275
P2E_S2_C3.2;0015;0.7226;0.64015;0.7899
P2E_S2_C3.2;0021;0.779;0.5871500000000001;0.8541
P2E_S2_C3.2;0002;0.8172;0.7545;0.88945
P2E_S2_C3.2;0003;0.8;0.7031499999999999;0.87175
P2E_S3_C1.1;0013;0.8280000000000001;0.7335;0.87925
P2E_S3_C1.1;0018;0.74805;0.6652;0.8274
P2E_S3_C1.1;0005;0.80725;0.6738;0.87395
P2E_S3_C1.1;0030;0.8281499999999999;0.7471;0.9043
P2E_S3_C1.1;0001;0.8025;0.6716500000000001;0.86715
P2E_S3_C1.1;0009;0.83185;0.7555000000000001;0.87805
P2E_S3_C1.1;0016;0.8069500000000001;0.76725;0.8647
P2E_S3_C1.1;0029;0.8122;0.74005;0.88545
P2E_S3_C1.1;0014;0.7685500000000001;0.6571;0.8422000000000001
P2E_S3_C1.1;0028;0.77235;0.61755;0.87905
P2E_S3_C1.1;0017;0.8231999999999999;0.6991499999999999;0.89735
P2E_S3_C1.1;0012;0.78925;0.72725;0.8663
P2E_S3_C1.1;0019;0.77;0.62375;0.8625
P2E_S3_C1.1;0024;0.8235;0.64935;0.897
P2E_S3_C1.1;0025;0.7936;0.6628000000000001;0.89475
P2E_S3_C1.2;0002;0.81325;0.71565;0.88325
P2E_S3_C1.2;0021;0.81345;0.67315;0.87165
P2E_S3_C1.2;0015;0.7827999999999999;0.7423500000000001;0.83495
P2E_S3_C1.2;0022;0.7959;0.7569;0.8352999999999999
P2E_S3_C1.2;0003;0.8165;0.70575;0.899
P2E_S3_C2.1;0013;0.8241499999999999;0.7785;0.85775
P2E_S3_C2.1;0018;0.74795;0.6898;0.79585
P2E_S3_C2.1;0005;0.8160000000000001;0.7843;0.862
P2E_S3_C2.1;0030;0.8260000000000001;0.73905;0.8824
P2E_S3_C2.1;0001;0.79785;0.73165;0.85075
P2E_S3_C2.1;0009;0.8283;0.74455;0.87895
P2E_S3_C2.1;0016;0.79805;0.7513;0.8755
P2E_S3_C2.1;0029;0.80015;0.74;0.8573500000000001
P2E_S3_C2.1;0014;0.76795;0.70455;0.7994
P2E_S3_C2.1;0028;0.8025;0.7263;0.84705
P2E_S3_C2.1;0017;0.83265;0.7796;0.8811
P2E_S3_C2.1;0012;0.8069999999999999;0.75665;0.8878
P2E_S3_C2.1;0019;0.7956;0.7166;0.8691
P2E_S3_C2.1;0024;0.83265;0.74075;0.8674999999999999
P2E_S3_C2.1;0025;0.8002;0.7204999999999999;0.8641
P2E_S3_C2.1;0023;0.7855;0.7469;0.8263
P2E_S3_C2.1;0011;0.769;0.6991499999999999;0.81545
P2E_S3_C2.1;0007;0.74205;0.6958;0.7907
P2E_S3_C2.1;0020;0.7676499999999999;0.7006;0.81155
P2E_S3_C2.1;0026;0.7697499999999999;0.7052;0.82005
P2E_S3_C2.1;0027;0.8237;0.7827500000000001;0.8809
P2E_S3_C2.1;0010;0.7611;0.6638;0.81505
P2E_S3_C2.1;0006;0.78645;0.6890499999999999;0.8265
P2E_S3_C2.1;0004;0.7463;0.6425000000000001;0.82895
P2E_S3_C2.2;0002;0.79975;0.7471;0.8622
P2E_S3_C2.2;0021;0.7911;0.76195;0.8167
P2E_S3_C2.2;0015;0.7484;0.70715;0.79235
P2E_S3_C2.2;0022;0.78095;0.74605;0.82325
P2E_S3_C2.2;0003;0.79055;0.7140500000000001;0.8406
P2E_S3_C3.1;0013;0.75815;0.6669499999999999;0.8094
P2E_S3_C3.1;0018;0.7052;0.6537999999999999;0.7394499999999999
P2E_S3_C3.1;0005;0.7358;0.7010000000000001;0.78735
P2E_S3_C3.1;0030;0.75395;0.70505;0.802
P2E_S3_C3.1;0001;0.76585;0.6980500000000001;0.80435
P2E_S3_C3.1;0009;0.7963;0.74325;0.8475
P2E_S3_C3.1;0016;0.7512;0.6811499999999999;0.7919
P2E_S3_C3.1;0029;0.7495499999999999;0.64705;0.79745
P2E_S3_C3.1;0014;0.68675;0.6174;0.7395499999999999
P2E_S3_C3.1;0028;0.7495;0.6706;0.78445
P2E_S3_C3.1;0017;0.731;0.6352;0.78425
P2E_S3_C3.1;0012;0.77475;0.736;0.80035
P2E_S3_C3.1;0019;0.7469;0.6575;0.78515
P2E_S3_C3.1;0024;0.7605500000000001;0.6379;0.80755
P2E_S3_C3.1;0025;0.7341500000000001;0.66915;0.7807
P2E_S3_C3.1;0023;0.69265;0.648;0.7385999999999999
P2E_S3_C3.1;0011;0.6999500000000001;0.65015;0.74475
P2E_S3_C3.1;0007;0.7176;0.6536500000000001;0.75005
P2E_S3_C3.1;0020;0.7052499999999999;0.6427499999999999;0.74305
P2E_S3_C3.1;0026;0.71625;0.61785;0.7678
P2E_S3_C3.1;0027;0.7665;0.70235;0.82115
P2E_S3_C3.1;0010;0.71105;0.6126;0.7669
P2E_S3_C3.1;0006;0.72605;0.66655;0.7896
P2E_S3_C3.1;0004;0.70045;0.6333500000000001;0.73795
P2E_S3_C3.2;0002;0.80775;0.77195;0.8349
P2E_S3_C3.2;0021;0.76845;0.7088;0.80715
P2E_S3_C3.2;0015;0.7451;0.7201500000000001;0.77025
P2E_S3_C3.2;0022;0.7679;0.7174;0.80235
P2E_S3_C3.2;0003;0.7735;0.72185;0.8236
P2E_S4_C1.1;0013;0.83815;0.6938;0.89105
P2E_S4_C1.1;0018;0.73395;0.67935;0.7732
P2E_S4_C1.1;0005;0.8035;0.7594;0.8769
P2E_S4_C1.1;0016;0.8280000000000001;0.789;0.8678
P2E_S4_C1.1;0029;0.77325;0.6789499999999999;0.848
P2E_S4_C1.1;0028;0.82065;0.7176;0.90035
P2E_S4_C1.1;0019;0.79915;0.7079500000000001;0.89355
P2E_S4_C1.1;0011;0.76705;0.6897;0.82795
P2E_S4_C1.1;0010;0.7809;0.71065;0.82315
P2E_S4_C1.1;0006;0.79455;0.7213;0.86185
P2E_S4_C1.1;0014;0.76045;0.61395;0.82945
P2E_S4_C1.1;0017;0.8325;0.70065;0.88905
P2E_S4_C1.1;0012;0.7916;0.6934;0.86515
P2E_S4_C1.1;0001;0.78225;0.69655;0.85895
P2E_S4_C1.1;0025;0.80325;0.704;0.8926499999999999
P2E_S4_C1.1;0023;0.78535;0.7054;0.85905
P2E_S4_C1.1;0024;0.8427;0.7061;0.89495
P2E_S4_C1.1;0026;0.7014;0.56575;0.85675
P2E_S4_C1.1;0027;0.8244;0.7454000000000001;0.92485
P2E_S4_C1.1;0007;0.7608;0.71025;0.8173
P2E_S4_C1.1;0020;0.78195;0.69535;0.8722
P2E_S4_C1.1;0009;0.8277;0.7626999999999999;0.8744000000000001
P2E_S4_C1.1;0030;0.8238;0.7666;0.88485
P2E_S4_C1.1;0004;0.7601;0.6927;0.852
P2E_S4_C1.2;0021;0.8152;0.76105;0.867
P2E_S4_C1.2;0022;0.7988500000000001;0.7704;0.82295
P2E_S4_C1.2;0002;0.8195;0.77335;0.89725
P2E_S4_C1.2;0015;0.7363999999999999;0.6468499999999999;0.8024
P2E_S4_C1.2;0003;0.80565;0.69965;0.8894
P2E_S4_C2.1;0013;0.83475;0.7884;0.89345
P2E_S4_C2.1;0018;0.74465;0.6713;0.78545
P2E_S4_C2.1;0005;0.8221499999999999;0.7737499999999999;0.8895
P2E_S4_C2.1;0016;0.8271;0.76265;0.89645
P2E_S4_C2.1;0029;0.8099000000000001;0.73735;0.89195
P2E_S4_C2.1;0028;0.8204;0.72705;0.88035
P2E_S4_C2.1;0019;0.82145;0.7292000000000001;0.90285
P2E_S4_C2.1;0011;0.7717;0.7073;0.83265
P2E_S4_C2.1;0010;0.78915;0.72725;0.85815
P2E_S4_C2.1;0006;0.7979;0.698;0.863
P2E_S4_C2.1;0014;0.78015;0.7074;0.8429
P2E_S4_C2.1;0017;0.8493999999999999;0.784;0.8981
P2E_S4_C2.1;0012;0.78155;0.66595;0.8685
P2E_S4_C2.1;0001;0.79855;0.7585;0.8681
P2E_S4_C2.1;0025;0.8240000000000001;0.74995;0.8963
P2E_S4_C2.1;0023;0.7799;0.7273499999999999;0.85715
P2E_S4_C2.1;0024;0.8472500000000001;0.76325;0.8956
P2E_S4_C2.1;0026;0.71685;0.59545;0.84935
P2E_S4_C2.1;0027;0.8362;0.78765;0.91635
P2E_S4_C2.1;0007;0.75665;0.6892;0.8160499999999999
P2E_S4_C2.1;0020;0.7939;0.7109;0.8545
P2E_S4_C2.1;0009;0.835;0.7751;0.8807
P2E_S4_C2.1;0030;0.82605;0.775;0.88335
P2E_S4_C2.1;0004;0.76155;0.696;0.8748
P2E_S4_C2.2;0021;0.8048;0.7116;0.84015
P2E_S4_C2.2;0022;0.7912;0.7493000000000001;0.835
P2E_S4_C2.2;0002;0.81855;0.7549;0.88545
P2E_S4_C2.2;0015;0.7375499999999999;0.6858;0.81465
P2E_S4_C2.2;0003;0.8136;0.7588;0.87995
P2E_S4_C3.1;0013;0.7858;0.7402;0.82205
P2E_S4_C3.1;0018;0.72585;0.6393;0.76275
P2E_S4_C3.1;0005;0.78575;0.7438;0.8256
P2E_S4_C3.1;0016;0.79585;0.73935;0.8465
P2E_S4_C3.1;0029;0.7749;0.7206;0.8124
P2E_S4_C3.1;0028;0.75675;0.6529;0.7979
P2E_S4_C3.1;0019;0.77685;0.7224999999999999;0.83245
P2E_S4_C3.1;0011;0.7277;0.6727000000000001;0.76695
P2E_S4_C3.1;0010;0.74245;0.6921999999999999;0.77945
P2E_S4_C3.1;0006;0.76305;0.6961999999999999;0.80985
P2E_S4_C3.1;0014;0.72325;0.65845;0.75825
P2E_S4_C3.1;0017;0.78935;0.7403;0.8329
P2E_S4_C3.1;0012;0.7507;0.6709;0.81115
P2E_S4_C3.1;0001;0.78095;0.7569;0.8046
P2E_S4_C3.1;0025;0.75935;0.67735;0.8078
P2E_S4_C3.1;0023;0.7167;0.6857;0.75535
P2E_S4_C3.1;0024;0.7978000000000001;0.71825;0.8563000000000001
P2E_S4_C3.1;0026;0.6302;0.58325;0.6703
P2E_S4_C3.1;0027;0.7927;0.7396;0.8188
P2E_S4_C3.1;0007;0.7408;0.6910000000000001;0.791
P2E_S4_C3.1;0020;0.7597;0.69955;0.793
P2E_S4_C3.1;0009;0.8244;0.7234499999999999;0.86405
P2E_S4_C3.1;0030;0.77285;0.7241500000000001;0.8085
P2E_S4_C3.1;0004;0.7146;0.65385;0.762
P2E_S4_C3.2;0021;0.78405;0.7428;0.8245
P2E_S4_C3.2;0022;0.782;0.7576499999999999;0.8087
P2E_S4_C3.2;0002;0.8083;0.6336999999999999;0.83705
P2E_S4_C3.2;0015;0.72595;0.6669;0.76465
P2E_S4_C3.2;0003;0.7786500000000001;0.7194;0.8221499999999999
P2L_S1_C1.1;0028;0.75025;0.59095;0.88005
P2L_S1_C1.1;0016;0.80975;0.6829000000000001;0.87895
P2L_S1_C1.1;0013;0.81395;0.6528;0.8688
P2L_S1_C1.1;0024;0.84495;0.69875;0.8962
P2L_S1_C1.1;0019;0.78835;0.63425;0.8661
P2L_S1_C1.1;0025;0.8;0.6475500000000001;0.87705
P2L_S1_C1.1;0023;0.813;0.67795;0.87495
P2L_S1_C1.1;0029;0.8098;0.68935;0.86755
P2L_S1_C1.1;0009;0.756;0.5656;0.832
P2L_S1_C1.1;0010;0.78435;0.6065;0.86725
P2L_S1_C1.1;0026;0.8004;0.6916;0.86455
P2L_S1_C1.1;0027;0.81535;0.641;0.89155
P2L_S1_C1.1;0002;0.8239;0.6899;0.9005
P2L_S1_C1.1;0006;0.80435;0.67085;0.886
P2L_S1_C1.1;0011;0.7804;0.62815;0.8669
P2L_S1_C1.1;0020;0.7858;0.60425;0.85495
P2L_S1_C1.1;0001;0.7732;0.5952500000000001;0.8562
P2L_S1_C1.1;0012;0.80755;0.7102999999999999;0.8559
P2L_S1_C1.1;0014;0.75105;0.6093500000000001;0.82785
P2L_S1_C1.1;0017;0.81165;0.6128;0.8901
P2L_S1_C1.1;0005;0.8042;0.6709499999999999;0.8562
P2L_S1_C1.1;0030;0.82985;0.69965;0.89185
P2L_S1_C1.1;0007;0.75915;0.54415;0.8471
P2L_S1_C1.1;0018;0.7824;0.6254500000000001;0.8785499999999999
P2L_S1_C1.1;0004;0.7848999999999999;0.7801;0.78835
P2L_S1_C1.2;0003;0.8195;0.6448;0.9016
P2L_S1_C1.2;0015;0.77025;0.6294500000000001;0.8442000000000001
P2L_S1_C1.2;0021;0.79625;0.6517;0.8592
P2L_S1_C1.2;0022;0.80725;0.65825;0.8653500000000001
P2L_S1_C2.1;0028;0.75305;0.5905;0.85595
P2L_S1_C2.1;0016;0.83475;0.74005;0.88675
P2L_S1_C2.1;0013;0.796;0.6365000000000001;0.86585
P2L_S1_C2.1;0024;0.8227;0.6832;0.8807
P2L_S1_C2.1;0019;0.79615;0.59665;0.8743
P2L_S1_C2.1;0025;0.7865;0.6301;0.87165
P2L_S1_C2.1;0023;0.81115;0.6760999999999999;0.85895
P2L_S1_C2.1;0029;0.8062;0.6389;0.85135
P2L_S1_C2.1;0009;0.7749;0.63615;0.8377
P2L_S1_C2.1;0010;0.75815;0.56475;0.83955
P2L_S1_C2.1;0026;0.8002;0.7005;0.85315
P2L_S1_C2.1;0027;0.79955;0.61775;0.8779
P2L_S1_C2.1;0002;0.81185;0.6426000000000001;0.89425
P2L_S1_C2.1;0006;0.78715;0.6617;0.86995
P2L_S1_C2.1;0011;0.76625;0.6281;0.86265
P2L_S1_C2.1;0020;0.76265;0.5785;0.8623000000000001
P2L_S1_C2.1;0001;0.7692;0.6108;0.83415
P2L_S1_C2.1;0012;0.8058;0.64915;0.8552
P2L_S1_C2.1;0014;0.73445;0.5819;0.8202
P2L_S1_C2.1;0017;0.78895;0.5899;0.8869
P2L_S1_C2.1;0005;0.7896;0.6910000000000001;0.83195
P2L_S1_C2.1;0030;0.8085;0.63905;0.89715
P2L_S1_C2.1;0007;0.7154;0.53155;0.83605
P2L_S1_C2.1;0018;0.77255;0.61965;0.85335
P2L_S1_C2.2;0003;0.7786;0.5993999999999999;0.8833
P2L_S1_C2.2;0015;0.7374;0.6078;0.8047
P2L_S1_C2.2;0021;0.7942;0.65535;0.84985
P2L_S1_C2.2;0022;0.8002;0.69555;0.85835
P2L_S1_C3.1;0028;0.73305;0.60985;0.8452999999999999
P2L_S1_C3.1;0016;0.81565;0.68445;0.88135
P2L_S1_C3.1;0013;0.77905;0.6467;0.86865
P2L_S1_C3.1;0024;0.81165;0.6921999999999999;0.8602
P2L_S1_C3.1;0019;0.7981;0.6485000000000001;0.87305
P2L_S1_C3.1;0025;0.77;0.6522;0.8451500000000001
P2L_S1_C3.1;0023;0.7736000000000001;0.65465;0.8384
P2L_S1_C3.1;0029;0.79785;0.7201;0.84035
P2L_S1_C3.1;0009;0.75695;0.6253;0.8346
P2L_S1_C3.1;0010;0.77295;0.70245;0.82365
P2L_S1_C3.1;0026;0.7975;0.71185;0.8429
P2L_S1_C3.1;0027;0.7891;0.65455;0.87405
P2L_S1_C3.1;0002;0.81655;0.7642;0.85585
P2L_S1_C3.1;0006;0.7719;0.7085;0.8140499999999999
P2L_S1_C3.1;0011;0.75315;0.6747000000000001;0.79765
P2L_S1_C3.1;0020;0.7904;0.6986;0.85505
P2L_S1_C3.1;0001;0.7585999999999999;0.61295;0.8222
P2L_S1_C3.1;0012;0.79405;0.7228;0.8425
P2L_S1_C3.1;0014;0.7131000000000001;0.6128;0.7868999999999999
P2L_S1_C3.1;0017;0.7462500000000001;0.5851500000000001;0.8584
P2L_S1_C3.1;0005;0.7757000000000001;0.6597;0.8152
P2L_S1_C3.1;0030;0.80705;0.67155;0.88335
P2L_S1_C3.1;0007;0.7108;0.546;0.8231999999999999
P2L_S1_C3.1;0018;0.75075;0.6349;0.8451
P2L_S1_C3.2;0003;0.75805;0.6506000000000001;0.83695
P2L_S1_C3.2;0015;0.6990000000000001;0.6577500000000001;0.73485
P2L_S1_C3.2;0021;0.7456;0.63245;0.7967
P2L_S1_C3.2;0022;0.7527;0.66455;0.7928
P2L_S2_C1.1;0013;0.81435;0.6783;0.8817
P2L_S2_C1.1;0028;0.7427;0.59575;0.82935
P2L_S2_C1.1;0019;0.78925;0.62275;0.8653
P2L_S2_C1.1;0020;0.7625500000000001;0.61795;0.83005
P2L_S2_C1.1;0029;0.76735;0.60695;0.85565
P2L_S2_C1.1;0005;0.8031;0.64915;0.8685499999999999
P2L_S2_C1.1;0024;0.81245;0.66075;0.8891
P2L_S2_C1.1;0025;0.79845;0.64535;0.8818
P2L_S2_C1.1;0023;0.798;0.7222;0.8361000000000001
P2L_S2_C1.1;0027;0.80105;0.6354500000000001;0.89445
P2L_S2_C1.1;0026;0.81105;0.7442500000000001;0.866
P2L_S2_C1.1;0002;0.8285;0.6926;0.9034
P2L_S2_C1.1;0006;0.7845;0.62835;0.87205
P2L_S2_C1.1;0011;0.7654;0.6416;0.85535
P2L_S2_C1.1;0001;0.78175;0.57445;0.86515
P2L_S2_C1.1;0010;0.75995;0.6092500000000001;0.84715
P2L_S2_C1.1;0009;0.78345;0.6515500000000001;0.8431500000000001
P2L_S2_C1.1;0030;0.81555;0.6407;0.8963
P2L_S2_C1.1;0012;0.80655;0.6918500000000001;0.85385
P2L_S2_C1.1;0014;0.7304999999999999;0.60995;0.79835
P2L_S2_C1.1;0017;0.79095;0.6065499999999999;0.87265
P2L_S2_C1.1;0007;0.7395;0.5489999999999999;0.8331500000000001
P2L_S2_C1.1;0016;0.7845;0.65725;0.86555
P2L_S2_C1.1;0018;0.77945;0.68075;0.82885
P2L_S2_C1.1;0004;0.74735;0.5718;0.8409
P2L_S2_C1.2;0022;0.8055;0.72725;0.8744000000000001
P2L_S2_C1.2;0021;0.8135;0.72075;0.8611
P2L_S2_C1.2;0015;0.7632;0.6448499999999999;0.83675
P2L_S2_C1.2;0003;0.81355;0.6751;0.89435
P2L_S2_C2.1;0013;0.812;0.6191;0.8886000000000001
P2L_S2_C2.1;0028;0.7817000000000001;0.59455;0.8664000000000001
P2L_S2_C2.1;0019;0.7885;0.6181;0.88135
P2L_S2_C2.1;0020;0.76415;0.61575;0.8392
P2L_S2_C2.1;0029;0.7878000000000001;0.65425;0.88415
P2L_S2_C2.1;0005;0.8161;0.6792;0.87515
P2L_S2_C2.1;0024;0.8291999999999999;0.68155;0.88925
P2L_S2_C2.1;0025;0.79975;0.6177;0.88345
P2L_S2_C2.1;0023;0.80465;0.69425;0.8594999999999999
P2L_S2_C2.1;0027;0.8186;0.63835;0.8974
P2L_S2_C2.1;0026;0.7867999999999999;0.69055;0.8492
P2L_S2_C2.1;0002;0.8116;0.65415;0.89425
P2L_S2_C2.1;0006;0.79545;0.6429;0.8817
P2L_S2_C2.1;0011;0.7727999999999999;0.6409;0.8678
P2L_S2_C2.1;0001;0.77595;0.58545;0.8419
P2L_S2_C2.1;0010;0.7769;0.66255;0.84475
P2L_S2_C2.1;0009;0.7801;0.62785;0.84395
P2L_S2_C2.1;0030;0.81255;0.6408;0.8924
P2L_S2_C2.1;0012;0.8014;0.62815;0.8593999999999999
P2L_S2_C2.1;0014;0.75035;0.5809;0.81935
P2L_S2_C2.1;0017;0.80845;0.61225;0.88635
P2L_S2_C2.1;0007;0.7663;0.5762499999999999;0.8445
P2L_S2_C2.1;0016;0.80065;0.69295;0.863
P2L_S2_C2.1;0018;0.78615;0.6576500000000001;0.8571
P2L_S2_C2.1;0004;0.7531;0.5659000000000001;0.83935
P2L_S2_C2.2;0022;0.8100499999999999;0.7196;0.8685499999999999
P2L_S2_C2.2;0021;0.798;0.638;0.8717
P2L_S2_C2.2;0015;0.73405;0.5570999999999999;0.8266
P2L_S2_C2.2;0003;0.782;0.5880000000000001;0.8887
P2L_S2_C3.1;0013;0.8157;0.6775;0.89695
P2L_S2_C3.1;0028;0.769;0.59405;0.8603000000000001
P2L_S2_C3.1;0019;0.81475;0.6958500000000001;0.8667
P2L_S2_C3.1;0020;0.78455;0.7006;0.8463
P2L_S2_C3.1;0029;0.7991;0.6957;0.8673500000000001
P2L_S2_C3.1;0005;0.8036;0.6939;0.84975
P2L_S2_C3.1;0024;0.8311;0.70255;0.87645
P2L_S2_C3.1;0025;0.7964;0.6603;0.8636
P2L_S2_C3.1;0023;0.7946;0.66195;0.8456
P2L_S2_C3.1;0027;0.81955;0.64005;0.8917
P2L_S2_C3.1;0026;0.8129500000000001;0.73715;0.8573500000000001
P2L_S2_C3.1;0002;0.8157;0.7269;0.87555
P2L_S2_C3.1;0006;0.79245;0.7075;0.85455
P2L_S2_C3.1;0011;0.7656000000000001;0.6875;0.8105
P2L_S2_C3.1;0001;0.7502;0.5299;0.86195
P2L_S2_C3.1;0010;0.77795;0.6876;0.83855
P2L_S2_C3.1;0009;0.7867500000000001;0.6453;0.8445
P2L_S2_C3.1;0030;0.82735;0.7200500000000001;0.884
P2L_S2_C3.1;0012;0.81385;0.7244999999999999;0.867
P2L_S2_C3.1;0014;0.7361;0.6051500000000001;0.8134
P2L_S2_C3.1;0017;0.81085;0.6975;0.87795
P2L_S2_C3.1;0007;0.763;0.6407;0.83645
P2L_S2_C3.1;0016;0.8322;0.74465;0.8876
P2L_S2_C3.1;0018;0.7716000000000001;0.61965;0.8227
P2L_S2_C3.1;0004;0.7666999999999999;0.6093;0.8367
P2L_S2_C3.2;0022;0.7999;0.6909000000000001;0.85205
P2L_S2_C3.2;0021;0.7984;0.67115;0.8577
P2L_S2_C3.2;0015;0.7073;0.5787;0.8023
P2L_S2_C3.2;0003;0.7967500000000001;0.64125;0.888
P2L_S3_C1.1;0013;0.8066;0.73715;0.85365
P2L_S3_C1.1;0028;0.7399;0.61635;0.82645
P2L_S3_C1.1;0029;0.78895;0.71435;0.8364
P2L_S3_C1.1;0020;0.72875;0.61755;0.8139000000000001
P2L_S3_C1.1;0006;0.76075;0.6938;0.8129500000000001
P2L_S3_C1.1;0010;0.76535;0.6819999999999999;0.80315
P2L_S3_C1.1;0027;0.7997;0.6554;0.8594999999999999
P2L_S3_C1.1;0026;0.789;0.71955;0.8372999999999999
P2L_S3_C1.1;0012;0.8282499999999999;0.71975;0.8705
P2L_S3_C1.1;0002;0.8083;0.6967;0.86555
P2L_S3_C1.1;0019;0.7651;0.63185;0.84485
P2L_S3_C1.1;0025;0.77495;0.6533;0.8539
P2L_S3_C1.1;0023;0.71755;0.6231;0.76295
P2L_S3_C1.1;0024;0.7873;0.7052499999999999;0.85355
P2L_S3_C1.1;0005;0.7914;0.67325;0.8528
P2L_S3_C1.1;0011;0.74245;0.6399;0.8088500000000001
P2L_S3_C1.1;0014;0.69675;0.56;0.7826
P2L_S3_C1.1;0017;0.7777499999999999;0.70155;0.8477
P2L_S3_C1.1;0001;0.7093;0.54825;0.8201
P2L_S3_C1.1;0030;0.8082;0.7073499999999999;0.8681
P2L_S3_C1.1;0009;0.78825;0.73445;0.83755
P2L_S3_C1.1;0007;0.6728000000000001;0.526;0.7826500000000001
P2L_S3_C1.1;0016;0.80945;0.68605;0.85695
P2L_S3_C1.1;0018;0.78195;0.70835;0.8311999999999999
P2L_S3_C1.1;0004;0.72375;0.6234999999999999;0.78215
P2L_S3_C1.2;0021;0.7732;0.7014;0.8382000000000001
P2L_S3_C1.2;0003;0.7795;0.6685;0.8505
P2L_S3_C1.2;0022;0.8013;0.7611;0.8451
P2L_S3_C1.2;0015;0.71115;0.6029;0.7855
P2L_S3_C2.1;0013;0.8055;0.68635;0.8673
P2L_S3_C2.1;0028;0.77;0.6578999999999999;0.84895
P2L_S3_C2.1;0029;0.7861;0.6949000000000001;0.86155
P2L_S3_C2.1;0020;0.7676000000000001;0.5877;0.83475
P2L_S3_C2.1;0006;0.77995;0.6608499999999999;0.8409
P2L_S3_C2.1;0010;0.77955;0.6334500000000001;0.83175
P2L_S3_C2.1;0027;0.79245;0.5971500000000001;0.87565
P2L_S3_C2.1;0026;0.79835;0.7284999999999999;0.8452
P2L_S3_C2.1;0012;0.8176;0.7098;0.89385
P2L_S3_C2.1;0002;0.827;0.6671;0.8862
P2L_S3_C2.1;0019;0.77345;0.60535;0.862
P2L_S3_C2.1;0025;0.79635;0.6541;0.8539
P2L_S3_C2.1;0023;0.7589;0.6668499999999999;0.80255
P2L_S3_C2.1;0024;0.8119000000000001;0.7161;0.87515
P2L_S3_C2.1;0005;0.81785;0.70145;0.871
P2L_S3_C2.1;0011;0.7698;0.6670499999999999;0.8289
P2L_S3_C2.1;0014;0.76295;0.61285;0.82715
P2L_S3_C2.1;0017;0.78025;0.58395;0.8769
P2L_S3_C2.1;0001;0.7415499999999999;0.54935;0.83165
P2L_S3_C2.1;0030;0.813;0.60345;0.89955
P2L_S3_C2.1;0009;0.7932;0.69935;0.86085
P2L_S3_C2.1;0007;0.7209;0.5347500000000001;0.83645
P2L_S3_C2.1;0016;0.8088;0.65425;0.87725
P2L_S3_C2.1;0018;0.7873;0.48595;0.8521
P2L_S3_C2.1;0004;0.7587;0.65795;0.81025
P2L_S3_C2.2;0021;0.7655000000000001;0.6437999999999999;0.8257
P2L_S3_C2.2;0003;0.75455;0.5913999999999999;0.85275
P2L_S3_C2.2;0022;0.7679;0.6409;0.83005
P2L_S3_C2.2;0015;0.6984;0.53705;0.7993
P2L_S3_C3.1;0013;0.8081;0.62045;0.8782
P2L_S3_C3.1;0028;0.75505;0.5415;0.8573
P2L_S3_C3.1;0029;0.7997;0.61315;0.8612
P2L_S3_C3.1;0020;0.75975;0.5846;0.8270500000000001
P2L_S3_C3.1;0006;0.7988;0.63005;0.8629
P2L_S3_C3.1;0010;0.76375;0.60185;0.8230500000000001
P2L_S3_C3.1;0027;0.82965;0.64695;0.8868
P2L_S3_C3.1;0026;0.7967;0.72775;0.8512500000000001
P2L_S3_C3.1;0012;0.81655;0.6178;0.8806
P2L_S3_C3.1;0002;0.7962;0.6431;0.8709
P2L_S3_C3.1;0019;0.7658;0.58555;0.8557
P2L_S3_C3.1;0025;0.79755;0.6396;0.88705
P2L_S3_C3.1;0023;0.7685500000000001;0.65265;0.82865
P2L_S3_C3.1;0024;0.8120499999999999;0.62815;0.87085
P2L_S3_C3.1;0005;0.795;0.62305;0.86065
P2L_S3_C3.1;0011;0.76265;0.6396;0.8371
P2L_S3_C3.1;0014;0.77075;0.6214500000000001;0.84755
P2L_S3_C3.1;0017;0.80715;0.6118;0.87795
P2L_S3_C3.1;0001;0.76535;0.56935;0.8397
P2L_S3_C3.1;0030;0.80545;0.62795;0.8878
P2L_S3_C3.1;0009;0.7878499999999999;0.6285000000000001;0.8498
P2L_S3_C3.1;0007;0.7446999999999999;0.5588;0.82385
P2L_S3_C3.1;0016;0.7916;0.61095;0.88185
P2L_S3_C3.1;0018;0.78855;0.6974;0.8553999999999999
P2L_S3_C3.1;0004;0.76385;0.61915;0.821
P2L_S3_C3.2;0021;0.80215;0.65995;0.85605
P2L_S3_C3.2;0003;0.79525;0.638;0.8976
P2L_S3_C3.2;0022;0.79975;0.63985;0.85335
P2L_S3_C3.2;0015;0.7362500000000001;0.56325;0.81325
P2L_S4_C1.1;0028;0.7812;0.66125;0.8447
P2L_S4_C1.1;0013;0.82135;0.6957;0.8861
P2L_S4_C1.1;0014;0.74975;0.61825;0.82425
P2L_S4_C1.1;0005;0.8155;0.6979;0.8592
P2L_S4_C1.1;0029;0.7853;0.6507000000000001;0.87035
P2L_S4_C1.1;0011;0.793;0.6315500000000001;0.8744000000000001
P2L_S4_C1.1;0024;0.8314;0.6415500000000001;0.9023
P2L_S4_C1.1;0025;0.81155;0.68445;0.87835
P2L_S4_C1.1;0023;0.79695;0.6634;0.86185
P2L_S4_C1.1;0026;0.78535;0.6774;0.8452500000000001
P2L_S4_C1.1;0027;0.81215;0.63815;0.8916
P2L_S4_C1.1;0002;0.84965;0.76345;0.9047499999999999
P2L_S4_C1.1;0006;0.8017;0.68325;0.8887
P2L_S4_C1.1;0010;0.7827;0.6337999999999999;0.86125
P2L_S4_C1.1;0007;0.7579;0.5789;0.85075
P2L_S4_C1.1;0019;0.79635;0.63905;0.8612
P2L_S4_C1.1;0017;0.8314;0.698;0.87515
P2L_S4_C1.1;0030;0.8181;0.6488499999999999;0.8932
P2L_S4_C1.1;0001;0.746;0.5422;0.8467
P2L_S4_C1.1;0009;0.7778;0.6894;0.8511
P2L_S4_C1.1;0018;0.77215;0.61895;0.8625
P2L_S4_C1.1;0016;0.7897000000000001;0.66445;0.84385
P2L_S4_C1.1;0020;0.7645;0.5867;0.84335
P2L_S4_C1.1;0012;0.8071;0.6729;0.86665
P2L_S4_C1.1;0004;0.7496499999999999;0.5765;0.83645
P2L_S4_C1.2;0022;0.8129500000000001;0.71375;0.86065
P2L_S4_C1.2;0003;0.81045;0.6303000000000001;0.905
P2L_S4_C1.2;0015;0.77385;0.6174;0.8456
P2L_S4_C1.2;0021;0.7794;0.6006;0.8795
P2L_S4_C2.1;0028;0.7839;0.6126499999999999;0.88005
P2L_S4_C2.1;0013;0.8152;0.65985;0.8837
P2L_S4_C2.1;0014;0.7712;0.62195;0.8495
P2L_S4_C2.1;0005;0.8129500000000001;0.6898500000000001;0.8553999999999999
P2L_S4_C2.1;0029;0.8049;0.65925;0.87805
P2L_S4_C2.1;0011;0.7927500000000001;0.687;0.8734999999999999
P2L_S4_C2.1;0024;0.8394;0.7342;0.8964
P2L_S4_C2.1;0025;0.8124;0.6536;0.86785
P2L_S4_C2.1;0023;0.80465;0.69095;0.8608
P2L_S4_C2.1;0026;0.8035;0.7092;0.8417
P2L_S4_C2.1;0027;0.81385;0.6305000000000001;0.892
P2L_S4_C2.1;0002;0.8384;0.7208;0.90225
P2L_S4_C2.1;0006;0.8061;0.6571;0.8664000000000001
P2L_S4_C2.1;0010;0.77925;0.62225;0.85475
P2L_S4_C2.1;0007;0.7733;0.6249;0.82715
P2L_S4_C2.1;0019;0.8037;0.64205;0.87525
P2L_S4_C2.1;0017;0.8375;0.68145;0.8847
P2L_S4_C2.1;0030;0.8359;0.6906;0.8987
P2L_S4_C2.1;0001;0.7989999999999999;0.7187;0.8561
P2L_S4_C2.1;0009;0.7807999999999999;0.6851499999999999;0.8634999999999999
P2L_S4_C2.1;0018;0.7967;0.6526000000000001;0.86495
P2L_S4_C2.1;0016;0.8186;0.6953;0.8658
P2L_S4_C2.1;0020;0.78325;0.679;0.8571
P2L_S4_C2.1;0012;0.81565;0.6522;0.8706
P2L_S4_C2.1;0004;0.76895;0.68045;0.8518
P2L_S4_C2.2;0022;0.8019000000000001;0.6506000000000001;0.8577
P2L_S4_C2.2;0003;0.79285;0.59545;0.887
P2L_S4_C2.2;0015;0.74065;0.5689500000000001;0.83465
P2L_S4_C2.2;0021;0.7867;0.6293;0.86325
P2L_S4_C3.1;0028;0.77555;0.65055;0.83695
P2L_S4_C3.1;0013;0.8047;0.68335;0.86075
P2L_S4_C3.1;0014;0.75715;0.6513;0.8220000000000001
P2L_S4_C3.1;0005;0.79405;0.7135;0.8404
P2L_S4_C3.1;0029;0.7957;0.64445;0.8652
P2L_S4_C3.1;0011;0.76755;0.70965;0.83185
P2L_S4_C3.1;0024;0.82565;0.71925;0.88005
P2L_S4_C3.1;0025;0.78015;0.6348;0.84805
P2L_S4_C3.1;0023;0.80125;0.7625;0.82845
P2L_S4_C3.1;0026;0.8011;0.75685;0.8436
P2L_S4_C3.1;0027;0.8162;0.70365;0.8713
P2L_S4_C3.1;0002;0.8246;0.74015;0.8662
P2L_S4_C3.1;0006;0.7877000000000001;0.6845;0.8452
P2L_S4_C3.1;0010;0.7625500000000001;0.62105;0.815
P2L_S4_C3.1;0007;0.76115;0.6685;0.8217
P2L_S4_C3.1;0019;0.8123;0.7275499999999999;0.8631
P2L_S4_C3.1;0017;0.8096;0.66555;0.8644499999999999
P2L_S4_C3.1;0030;0.8392999999999999;0.6681;0.8996999999999999
P2L_S4_C3.1;0001;0.7724;0.6953;0.8219
P2L_S4_C3.1;0009;0.7796;0.6847;0.86425
P2L_S4_C3.1;0018;0.7739;0.6885;0.8311999999999999
P2L_S4_C3.1;0016;0.8354;0.7648;0.8731
P2L_S4_C3.1;0020;0.7766;0.6252;0.8351500000000001
P2L_S4_C3.1;0012;0.8207;0.77825;0.8649
P2L_S4_C3.1;0004;0.753;0.6840999999999999;0.8016
P2L_S4_C3.2;0022;0.7697;0.6586000000000001;0.83385
P2L_S4_C3.2;0003;0.7656000000000001;0.614;0.8673
P2L_S4_C3.2;0015;0.7306;0.62385;0.7992
P2L_S4_C3.2;0021;0.7482;0.61395;0.86085
